<TICKER>,<PER>,<DATE>,<TIME>,<OPEN>,<HIGH>,<LOW>,<CLOSE>,<VOL>,<OPENINT>
TSLA.US,60,20211206,160000,333.837,334.34,316.833,324.88,11549295,0
TSLA.US,60,20211206,170000,324.68,332.35,320.683,326.853,8159211,0
TSLA.US,60,20211206,180000,327.002,328.547,323.59,325.238,4428666,0
TSLA.US,60,20211206,190000,325.14,335.6,325.14,334.667,5857929,0
TSLA.US,60,20211206,200000,334.87,338.183,333.853,337.327,4784202,0
TSLA.US,60,20211206,210000,337.313,340.547,334.89,335.693,4377882,0
TSLA.US,60,20211206,220000,335.793,337.2,334.167,336.337,4904505,0
TSLA.US,60,20211207,160000,348.067,350.377,342.473,349.333,6465714,0
TSLA.US,60,20211207,170000,349.343,351.153,344.017,344.55,5946891,0
TSLA.US,60,20211207,180000,344.667,346.863,342.27,345.863,4662234,0
TSLA.US,60,20211207,190000,345.873,349.1,345.807,348.64,2944788,0
TSLA.US,60,20211207,200000,348.64,351.433,346.7,351.287,2738517,0
TSLA.US,60,20211207,210000,351.33,352.557,349.073,350.007,3445530,0
TSLA.US,60,20211207,220000,350.003,350.93,347.03,350.63,4438938,0
TSLA.US,60,20211208,160000,350.903,351.67,344.333,346.783,4653768,0
TSLA.US,60,20211208,170000,346.667,348.103,345.187,346.477,3415917,0
TSLA.US,60,20211208,180000,346.477,350.12,345.717,349.133,2618802,0
TSLA.US,60,20211208,190000,349.003,352.667,348.183,351.717,2417145,0
TSLA.US,60,20211208,200000,351.757,355.923,351.687,354.533,3591750,0
TSLA.US,60,20211208,210000,354.627,355.833,352.467,355.197,2160273,0
TSLA.US,60,20211208,220000,355.227,357.46,353.813,356.32,4609080,0
TSLA.US,60,20211209,160000,353.547,354.163,346.12,347.933,5526696,0
TSLA.US,60,20211209,170000,348.107,349.247,344.073,344.287,5484801,0
TSLA.US,60,20211209,180000,344.29,346.54,342.833,343.957,4001436,0
TSLA.US,60,20211209,190000,343.933,344.667,342.753,344.307,2393496,0
TSLA.US,60,20211209,200000,344.227,344.267,337.667,338.457,5400771,0
TSLA.US,60,20211209,210000,338.343,340.18,337.077,337.483,3640611,0
TSLA.US,60,20211209,220000,337.477,339.5,334.12,334.6,9024270,0
TSLA.US,60,20211210,160000,336.25,337.603,327.51,328.374,6935988,0
TSLA.US,60,20211210,170000,328.437,335.15,328.144,330.813,5878509,0
TSLA.US,60,20211210,180000,330.67,339.833,328.853,338,5452803,0
TSLA.US,60,20211210,190000,338.293,338.633,334.77,337.997,2936058,0
TSLA.US,60,20211210,200000,337.973,340.107,337.183,339.317,2605290,0
TSLA.US,60,20211210,210000,339.267,340.327,336.747,337.027,2215188,0
TSLA.US,60,20211210,220000,336.933,339.667,335.797,339.01,5441001,0
TSLA.US,60,20211213,160000,333.697,335,326.077,326.32,6741609,0
TSLA.US,60,20211213,170000,326.32,328.627,320.02,322.407,9785034,0
TSLA.US,60,20211213,180000,322.383,323.747,319.07,320.74,5564610,0
TSLA.US,60,20211213,190000,320.74,322.986,319.577,320.285,3680811,0
TSLA.US,60,20211213,200000,320.203,321.298,317.595,318.147,3270780,0
TSLA.US,60,20211213,210000,318.067,324.3,317.14,323.605,4921119,0
TSLA.US,60,20211213,220000,323.543,325.213,321.54,322.137,7725387,0
TSLA.US,60,20211214,160000,315,319.097,310.187,317.8,8201721,0
TSLA.US,60,20211214,170000,317.873,319.49,313.697,315,5966142,0
TSLA.US,60,20211214,180000,314.953,316.17,311.897,313.338,4311519,0
TSLA.US,60,20211214,190000,313.333,314.117,310,311.423,4680843,0
TSLA.US,60,20211214,200000,311.433,314.043,310.667,311.163,3289620,0
TSLA.US,60,20211214,210000,311.171,315.47,310.833,314.953,3980445,0
TSLA.US,60,20211214,220000,314.773,322.137,314.655,319.503,8726949,0
TSLA.US,60,20211215,160000,317.737,323.883,316.167,319.243,4831539,0
TSLA.US,60,20211215,170000,319.327,319.829,313.787,314.307,5463114,0
TSLA.US,60,20211215,180000,314.407,315.093,310.353,310.897,5511735,0
TSLA.US,60,20211215,190000,310.897,314.73,309.417,313.323,4116948,0
TSLA.US,60,20211215,200000,313.367,314.273,311.177,314.161,2431095,0
TSLA.US,60,20211215,210000,313.637,320.667,311.9,316.633,7828608,0
TSLA.US,60,20211215,220000,316.63,326.25,316.25,325.33,10533225,0
TSLA.US,60,20211216,160000,331.5,331.66,319.405,319.717,6538113,0
TSLA.US,60,20211216,170000,319.774,322.1,313.077,313.894,8369778,0
TSLA.US,60,20211216,180000,313.863,314.59,310.11,310.89,6602061,0
TSLA.US,60,20211216,190000,310.537,313.833,309.667,311.143,4364706,0
TSLA.US,60,20211216,200000,310.997,315.333,310.949,312.36,3495066,0
TSLA.US,60,20211216,210000,312.353,313.167,308.383,310.05,4969662,0
TSLA.US,60,20211216,220000,309.933,312.667,307.283,308.973,8786862,0
TSLA.US,60,20211217,160000,304.923,313.953,303.013,313,11152314,0
TSLA.US,60,20211217,170000,312.948,319.857,305.357,318.157,10685079,0
TSLA.US,60,20211217,180000,318.092,320.22,313.807,315.55,5333877,0
TSLA.US,60,20211217,190000,315.537,316.91,312.93,314.364,3131436,0
TSLA.US,60,20211217,200000,314.21,316.663,313.84,316.248,2303820,0
TSLA.US,60,20211217,210000,316.3,318.2,313.5,314.206,3139749,0
TSLA.US,60,20211217,220000,314.14,315.527,310.383,310.857,21059628,0
TSLA.US,60,20211220,160000,303.567,303.567,303.283,303.333,23253,0
TSLA.US,60,20211220,170000,304.37,305.167,298.375,299.39,5409744,0
TSLA.US,60,20211220,180000,299.377,302.833,297.797,301.987,4660005,0
TSLA.US,60,20211220,190000,301.904,303.333,299.91,300.294,2791077,0
TSLA.US,60,20211220,200000,300.11,301.553,298.893,299.757,2503290,0
TSLA.US,60,20211220,210000,299.865,301.863,299,300.257,2082678,0
TSLA.US,60,20211220,220000,300.28,301.477,299.167,299.98,4486950,0
TSLA.US,60,20211221,160000,305.623,307.923,301.167,301.38,6113226,0
TSLA.US,60,20211221,170000,301.38,302.63,295.373,298.72,7461423,0
TSLA.US,60,20211221,180000,298.69,304.115,297.743,302.96,4737618,0
TSLA.US,60,20211221,190000,302.965,304.587,301.51,304.587,2987637,0
TSLA.US,60,20211221,200000,304.532,312.2,304.387,309.375,6736947,0
TSLA.US,60,20211221,210000,309.427,311.657,308.74,311.112,4416096,0
TSLA.US,60,20211221,220000,311.113,313.167,309.567,312.843,6377028,0
TSLA.US,60,20211222,160000,321.887,328.367,319.017,327.687,9874731,0
TSLA.US,60,20211222,170000,327.767,333.267,325.187,332.863,9654795,0
TSLA.US,60,20211222,180000,332.883,338.553,332.44,335.05,10022322,0
TSLA.US,60,20211222,190000,335.127,336.75,331.17,331.993,4513995,0
TSLA.US,60,20211222,200000,332.066,333.48,329.633,332.053,4241997,0
TSLA.US,60,20211222,210000,332.103,335.423,331.143,334.847,5073555,0
TSLA.US,60,20211222,220000,335.057,336.713,333,336.29,7344939,0
TSLA.US,60,20211223,160000,335.6,338.163,332.52,335.84,6021426,0
TSLA.US,60,20211223,170000,335.817,347.737,335.47,347.56,11031027,0
TSLA.US,60,20211223,180000,347.603,351.94,346.783,351.587,8564649,0
TSLA.US,60,20211223,190000,351.56,356.367,351.177,354.707,8518758,0
TSLA.US,60,20211223,200000,354.697,356.33,352.53,355.493,3998238,0
TSLA.US,60,20211223,210000,355.51,357.66,354.033,355.817,4837686,0
TSLA.US,60,20211223,220000,355.76,356.45,352.833,355.667,8143392,0
TSLA.US,60,20211227,160000,357.89,366.327,356.907,364.09,7569939,0
TSLA.US,60,20211227,170000,364.1,371.093,362.333,369.957,8434164,0
TSLA.US,60,20211227,180000,370.067,370.873,366.64,370.873,4756845,0
TSLA.US,60,20211227,190000,370.837,372.333,368.833,370.853,4075866,0
TSLA.US,60,20211227,200000,370.843,371.59,368.5,369.613,2356329,0
TSLA.US,60,20211227,210000,369.667,370.887,368.147,368.7,2232666,0
TSLA.US,60,20211227,220000,368.813,368.813,362.533,364.647,8377296,0
TSLA.US,60,20211228,160000,369.83,373,363.08,365.667,6601689,0
TSLA.US,60,20211228,170000,365.663,366.33,359.473,362.497,6686754,0
TSLA.US,60,20211228,180000,362.567,366,360.37,365.42,3660963,0
TSLA.US,60,20211228,190000,365.453,367.333,362.67,363.667,4054113,0
TSLA.US,60,20211228,200000,363.54,365.74,361.93,363.573,2431956,0
TSLA.US,60,20211228,210000,363.533,364.433,361.433,363.79,2894628,0
TSLA.US,60,20211228,220000,363.84,366.263,362.053,362.823,5472234,0
TSLA.US,60,20211229,160000,366.213,368,360.353,361.1,4508637,0
TSLA.US,60,20211229,170000,361.197,361.34,354.713,361.227,6968022,0
TSLA.US,60,20211229,180000,361.133,362.48,357.5,358.073,4018227,0
TSLA.US,60,20211229,190000,358.133,361.5,357.503,360.923,2580408,0
TSLA.US,60,20211229,200000,360.93,363.667,360.637,362.667,3858183,0
TSLA.US,60,20211229,210000,362.637,365.703,362.243,364.313,3710787,0
TSLA.US,60,20211229,220000,364.393,364.497,361.433,362.063,5599899,0
TSLA.US,60,20211230,160000,353.777,358.167,351.797,357.98,5470002,0
TSLA.US,60,20211230,170000,357.987,361.33,357.087,358.45,4551174,0
TSLA.US,60,20211230,180000,358.45,363.307,358.4,362.58,3331896,0
TSLA.US,60,20211230,190000,362.53,365.183,362.507,363.76,3081045,0
TSLA.US,60,20211230,200000,363.873,363.94,361.22,361.863,1834317,0
TSLA.US,60,20211230,210000,361.803,361.863,359.4,360.433,2122275,0
TSLA.US,60,20211230,220000,360.5,360.5,356.11,356.78,4674147,0
TSLA.US,60,20211231,160000,357.813,360.667,355.413,357,3494847,0
TSLA.US,60,20211231,170000,356.78,357.65,354.333,355.63,3199542,0
TSLA.US,60,20211231,180000,355.64,358.783,354.42,356.86,3142371,0
TSLA.US,60,20211231,190000,356.837,357.81,355.453,357.143,1727079,0
TSLA.US,60,20211231,200000,357.163,357.333,354.95,355.293,1443198,0
TSLA.US,60,20211231,210000,355.283,355.57,353.167,354,2301876,0
TSLA.US,60,20211231,220000,354.043,354.977,351.53,352.26,5067054,0
TSLA.US,60,20220103,160000,382.583,390,378.68,383,13202610,0
TSLA.US,60,20220103,170000,383.093,389.507,382.167,389.433,7809213,0
TSLA.US,60,20220103,180000,389.383,391.363,386.78,388.53,6090201,0
TSLA.US,60,20220103,190000,388.42,391.933,387.57,391.36,3768939,0
TSLA.US,60,20220103,200000,391.333,393.527,390.93,392.74,4349679,0
TSLA.US,60,20220103,210000,392.667,398.287,392.483,398.16,6313659,0
TSLA.US,60,20220103,220000,398.127,400.357,395.8,399.927,13761933,0
TSLA.US,60,20220104,160000,396.517,402.667,392.7,396.787,8978922,0
TSLA.US,60,20220104,170000,396.793,397.02,383.883,383.993,10745358,0
TSLA.US,60,20220104,180000,384.09,385.18,374.35,380.873,11699568,0
TSLA.US,60,20220104,190000,380.69,388.333,380.4,385.723,5380713,0
TSLA.US,60,20220104,200000,385.677,388.617,380.38,380.63,4459926,0
TSLA.US,60,20220104,210000,380.563,384.59,378.44,381.897,5636727,0
TSLA.US,60,20220104,220000,381.873,385,380.167,383.197,6641925,0
TSLA.US,60,20220105,160000,382.217,387.533,376.343,387.19,6401922,0
TSLA.US,60,20220105,170000,387.237,390.113,380.723,384.197,7420119,0
TSLA.US,60,20220105,180000,384.13,385.96,380.37,380.7,3177738,0
TSLA.US,60,20220105,190000,380.65,381.993,378.177,379.333,2896026,0
TSLA.US,60,20220105,200000,379.46,380.773,377.333,379.027,2796222,0
TSLA.US,60,20220105,210000,378.92,381.99,368.067,368.333,7459194,0
TSLA.US,60,20220105,220000,368.333,369,360.337,362.707,13562805,0
TSLA.US,60,20220106,160000,359,362.667,346.667,349.67,9058110,0
TSLA.US,60,20220106,170000,349.997,356.28,340.167,355.117,15526827,0
TSLA.US,60,20220106,180000,355.08,359.27,349.703,354,7083186,0
TSLA.US,60,20220106,190000,354,358.38,353.023,356.633,3615291,0
TSLA.US,60,20220106,200000,356.667,357.47,353.083,355.73,3065049,0
TSLA.US,60,20220106,210000,355.633,360,353.2,358.73,3321966,0
TSLA.US,60,20220106,220000,358.703,361.52,352.71,354.9,6334971,0
TSLA.US,60,20220107,160000,360.123,360.31,350.97,357.783,5724885,0
TSLA.US,60,20220107,170000,357.993,358.177,343.333,346.967,9316758,0
TSLA.US,60,20220107,180000,347.137,348.667,341.117,347.167,7228932,0
TSLA.US,60,20220107,190000,347.25,348.01,342.573,346.117,3911448,0
TSLA.US,60,20220107,200000,346,346.447,340.267,341.387,4220796,0
TSLA.US,60,20220107,210000,341.59,346.5,336.667,344,8217387,0
TSLA.US,60,20220107,220000,344.05,346.487,339.74,342.32,8311086,0
TSLA.US,60,20220110,160000,333.333,335.79,326.667,331.017,8363181,0
TSLA.US,60,20220110,170000,330.91,339.087,328.417,335.513,10037505,0
TSLA.US,60,20220110,180000,335.173,343.977,333.167,342.057,7690044,0
TSLA.US,60,20220110,190000,342.05,342.05,335.087,340.807,4074807,0
TSLA.US,60,20220110,200000,340.943,342.937,338.1,341.757,3631107,0
TSLA.US,60,20220110,210000,341.753,348.147,341.56,346.15,5260371,0
TSLA.US,60,20220110,220000,346.223,353.033,344.523,352.757,7226766,0
TSLA.US,60,20220111,160000,351.223,354.2,346.273,351.393,6454236,0
TSLA.US,60,20220111,170000,351.883,358.333,348.067,351.12,8476950,0
TSLA.US,60,20220111,180000,351.333,358.617,351.083,357,5702295,0
TSLA.US,60,20220111,190000,357,357.33,351.1,354.777,3849852,0
TSLA.US,60,20220111,200000,354.957,355.853,352.18,354.527,2718621,0
TSLA.US,60,20220111,210000,354.313,355.77,351.167,353.127,3213690,0
TSLA.US,60,20220111,220000,353.23,355.4,351.497,354.8,4987479,0
TSLA.US,60,20220112,160000,359.617,362.96,357.53,361.78,7307022,0
TSLA.US,60,20220112,170000,361.833,367.653,360.417,363,10810455,0
TSLA.US,60,20220112,180000,363,365.583,361.243,364.02,5101815,0
TSLA.US,60,20220112,190000,364.083,367.383,362.583,367.02,3750573,0
TSLA.US,60,20220112,200000,367.117,367.8,364.833,366.183,3870531,0
TSLA.US,60,20220112,210000,366,371.28,364.46,371.017,6857847,0
TSLA.US,60,20220112,220000,371.07,371.613,368.333,368.74,8022906,0
TSLA.US,60,20220113,160000,369.687,371.867,366.333,370.473,6382641,0
TSLA.US,60,20220113,170000,370.487,370.867,356.373,358.02,10938900,0
TSLA.US,60,20220113,180000,358.017,361.333,355,358.123,7489938,0
TSLA.US,60,20220113,190000,358,358.183,350.433,352.66,7568010,0
TSLA.US,60,20220113,200000,352.577,355.8,351.167,355.5,4926477,0
TSLA.US,60,20220113,210000,355.473,357.347,350.963,353.123,4867233,0
TSLA.US,60,20220113,220000,353.03,353.03,342.18,343.853,11727003,0
TSLA.US,60,20220114,160000,339.96,348.317,337.793,345.523,8046573,0
TSLA.US,60,20220114,170000,345.5,349.55,341.563,345.027,7423650,0
TSLA.US,60,20220114,180000,344.997,348.5,342.123,347.047,4862016,0
TSLA.US,60,20220114,190000,347.133,347.533,342.267,342.557,2655027,0
TSLA.US,60,20220114,200000,342.5,347.093,340,345.94,4189491,0
TSLA.US,60,20220114,210000,345.92,346.85,342.817,345.183,3612612,0
TSLA.US,60,20220114,220000,345.333,350.667,345.113,349.87,6929067,0
TSLA.US,60,20220118,160000,342.2,348.85,338.687,348,5157702,0
TSLA.US,60,20220118,170000,348.173,356.93,346.093,349.61,7383408,0
TSLA.US,60,20220118,180000,349.627,351.933,346.283,351.12,4213767,0
TSLA.US,60,20220118,190000,351.333,351.767,345.367,347.11,3063414,0
TSLA.US,60,20220118,200000,347.17,347.923,344.003,347.577,3289662,0
TSLA.US,60,20220118,210000,347.587,351.253,346.073,350,3718473,0
TSLA.US,60,20220118,220000,349.837,350.837,342.23,343.503,7182405,0
TSLA.US,60,20220119,160000,347.233,351.557,344.203,345.333,4720803,0
TSLA.US,60,20220119,170000,345.4,346,334.333,337.95,7391331,0
TSLA.US,60,20220119,180000,337.87,339.63,331.833,336.677,7846650,0
TSLA.US,60,20220119,190000,336.507,342.613,336.11,341.457,5318580,0
TSLA.US,60,20220119,200000,341.457,341.457,336.4,338.167,3571416,0
TSLA.US,60,20220119,210000,338.257,338.767,333.7,335.783,4219884,0
TSLA.US,60,20220119,220000,335.78,337.097,331.667,331.883,6542319,0
TSLA.US,60,20220120,160000,336.577,342.333,334.217,340.143,6654363,0
TSLA.US,60,20220120,170000,340.293,347.22,339.213,346.573,7568706,0
TSLA.US,60,20220120,180000,346.573,346.827,342.74,344.333,4404150,0
TSLA.US,60,20220120,190000,344.383,346,342.993,344.223,2472102,0
TSLA.US,60,20220120,200000,344.1,344.8,341.833,342.517,3273228,0
TSLA.US,60,20220120,210000,342.547,343.997,336.71,336.833,4271889,0
TSLA.US,60,20220120,220000,336.843,338.247,331.333,332.067,8477211,0
TSLA.US,60,20220121,160000,332.113,334.85,322.16,323.248,6281469,0
TSLA.US,60,20220121,170000,323.168,327.887,317.11,324.513,12583434,0
TSLA.US,60,20220121,180000,324.389,328.013,320.177,321.803,6095034,0
TSLA.US,60,20220121,190000,321.57,325.83,318.038,319.72,5408799,0
TSLA.US,60,20220121,200000,319.643,321.667,318.223,318.776,4049511,0
TSLA.US,60,20220121,210000,318.915,320.83,316.33,316.363,4547556,0
TSLA.US,60,20220121,220000,316.41,320.78,313.5,314.633,11018973,0
TSLA.US,60,20220124,160000,301.587,305.303,284.103,288.88,10563009,0
TSLA.US,60,20220124,170000,288.853,300.81,287.213,296.673,11508927,0
TSLA.US,60,20220124,180000,296.667,297.413,286.67,291.247,7773210,0
TSLA.US,60,20220124,190000,291.248,293.983,283.823,293.447,10239687,0
TSLA.US,60,20220124,200000,293.333,301.953,292.103,300.409,10834680,0
TSLA.US,60,20220124,210000,300.51,302.453,291.2,296.613,7144041,0
TSLA.US,60,20220124,220000,296.793,311.171,294.573,310,13631919,0
TSLA.US,60,20220125,160000,304.733,309.62,301.57,306.173,4938105,0
TSLA.US,60,20220125,170000,306.203,310.767,302.593,307.667,7597314,0
TSLA.US,60,20220125,180000,307.667,308.91,301.787,302.423,4840809,0
TSLA.US,60,20220125,190000,302.328,305,301.07,304.043,3309669,0
TSLA.US,60,20220125,200000,304.073,309.96,302.34,309.96,4101906,0
TSLA.US,60,20220125,210000,309.797,317.087,307.533,316.069,7997841,0
TSLA.US,60,20220125,220000,316.09,316.09,305,306.133,9936150,0
TSLA.US,60,20220126,160000,317.477,318.983,313,316.997,5664246,0
TSLA.US,60,20220126,170000,317,321.1,312.85,314.222,6843912,0
TSLA.US,60,20220126,180000,314.163,318.23,312.857,317.66,3604674,0
TSLA.US,60,20220126,190000,317.713,321.43,317.077,320.887,3816798,0
TSLA.US,60,20220126,200000,320.897,321.12,318.033,320.065,3024402,0
TSLA.US,60,20220126,210000,319.94,329.23,315.87,317.667,11106633,0
TSLA.US,60,20220126,220000,317.84,317.93,302,312.47,13671258,0
TSLA.US,60,20220127,160000,311.12,311.797,293.9,295.066,11553609,0
TSLA.US,60,20220127,170000,295.157,298.667,285.967,291.5,14591049,0
TSLA.US,60,20220127,180000,291.5,292.833,287.767,291.1,8881359,0
TSLA.US,60,20220127,190000,291.063,291.443,285.257,288.016,7340742,0
TSLA.US,60,20220127,200000,288,288.867,283.804,285.83,7083315,0
TSLA.US,60,20220127,210000,285.85,289.297,280,281.473,9369972,0
TSLA.US,60,20220127,220000,281.527,283.147,276.333,276.367,13239675,0
TSLA.US,60,20220128,160000,277.187,279.773,264.003,268.363,11335797,0
TSLA.US,60,20220128,170000,268.123,284.333,266.667,283.943,17571432,0
TSLA.US,60,20220128,180000,283.99,285.833,280.357,285.04,9279657,0
TSLA.US,60,20220128,190000,285.043,285.667,279.333,279.924,5502582,0
TSLA.US,60,20220128,200000,279.973,281.413,275.337,277.04,5583333,0
TSLA.US,60,20220128,210000,277.003,278.223,271.067,276.165,7912080,0
TSLA.US,60,20220128,220000,276.133,282.493,274.307,282.117,10376472,0
TSLA.US,60,20220131,160000,290.903,299.25,287.35,297.453,9241209,0
TSLA.US,60,20220131,170000,297.552,307,295.89,306.409,12300777,0
TSLA.US,60,20220131,180000,306.347,308.187,304.033,307.037,7954080,0
TSLA.US,60,20220131,190000,307.058,310.727,304.57,310,5497674,0
TSLA.US,60,20220131,200000,309.997,310.023,306.667,309.727,4318110,0
TSLA.US,60,20220131,210000,309.73,312.303,308.667,311.59,5302776,0
TSLA.US,60,20220131,220000,311.5,312.663,306.153,312.24,12752037,0
TSLA.US,60,20220201,160000,311.737,311.763,303.437,306.397,6997716,0
TSLA.US,60,20220201,170000,306.5,312.433,301.667,312.333,9179775,0
TSLA.US,60,20220201,180000,312.34,314.567,310.667,312.992,5529810,0
TSLA.US,60,20220201,190000,312.967,313.077,307.387,310.49,3780303,0
TSLA.US,60,20220201,200000,310.363,311.317,307.507,308.418,2488143,0
TSLA.US,60,20220201,210000,308.5,310.167,306.093,308.263,3304737,0
TSLA.US,60,20220201,220000,308.31,311.77,308.033,310.417,6383931,0
TSLA.US,60,20220202,160000,309.393,310.5,303.733,306.15,4794186,0
TSLA.US,60,20220202,170000,306.333,309.714,303.833,304.5,5320386,0
TSLA.US,60,20220202,180000,304.399,304.787,296.47,300.38,7282593,0
TSLA.US,60,20220202,190000,300.16,304.363,299.063,303.96,4316523,0
TSLA.US,60,20220202,200000,303.943,304.08,300.607,301.663,2824869,0
TSLA.US,60,20220202,210000,301.563,303.817,300,302.005,3136989,0
TSLA.US,60,20220202,220000,302.003,303.833,300.297,301.883,4549533,0
TSLA.US,60,20220203,160000,294,301.333,293.507,299.083,4606500,0
TSLA.US,60,20220203,170000,299.145,309.937,298.067,308.743,9205728,0
TSLA.US,60,20220203,180000,308.68,312.333,306.833,306.95,6751455,0
TSLA.US,60,20220203,190000,306.93,307.553,302.5,303.862,5465655,0
TSLA.US,60,20220203,200000,303.72,306.52,301.511,303.067,3726498,0
TSLA.US,60,20220203,210000,302.943,304.383,298.71,300.99,3883491,0
TSLA.US,60,20220203,220000,300.987,303.033,295.627,297.047,7468506,0
TSLA.US,60,20220204,160000,299.073,302.443,293.723,300.861,5104485,0
TSLA.US,60,20220204,170000,301.08,304.433,298.927,300.133,6863808,0
TSLA.US,60,20220204,180000,300.12,303.167,297.52,301.443,4178031,0
TSLA.US,60,20220204,190000,301.663,306.663,300.787,306.552,4501092,0
TSLA.US,60,20220204,200000,306.663,310,306.663,308.893,5871855,0
TSLA.US,60,20220204,210000,308.972,311.5,307.097,310.502,5181342,0
TSLA.US,60,20220204,220000,310.583,312.167,307.603,307.773,7329912,0
TSLA.US,60,20220207,160000,307.93,315.85,306.113,314.12,5901729,0
TSLA.US,60,20220207,170000,314.181,314.323,305.03,308.528,7317504,0
TSLA.US,60,20220207,180000,308.412,309.52,302.463,304.526,4555116,0
TSLA.US,60,20220207,190000,304.533,305.823,302.63,305.077,2982072,0
TSLA.US,60,20220207,200000,304.98,307.083,304.123,305.7,3077142,0
TSLA.US,60,20220207,210000,305.71,307.823,303.753,306.55,2510997,0
TSLA.US,60,20220207,220000,306.387,308.86,300.903,302.447,6333156,0
TSLA.US,60,20220208,160000,301.843,305,298.267,302.433,4322844,0
TSLA.US,60,20220208,170000,302.35,305.5,299.093,304.473,5446242,0
TSLA.US,60,20220208,180000,304.547,306.957,304.337,306.235,3651726,0
TSLA.US,60,20220208,190000,306.258,308.44,304.833,307.077,2909307,0
TSLA.US,60,20220208,200000,307.1,308.763,306.007,307.1,2637381,0
TSLA.US,60,20220208,210000,307.147,308.453,305,305.48,3144045,0
TSLA.US,60,20220208,220000,305.487,308.37,304.927,307.333,5401839,0
TSLA.US,60,20220209,160000,311.667,315.423,309.847,310.467,6023064,0
TSLA.US,60,20220209,170000,310.34,311.88,306.8,309.807,6468768,0
TSLA.US,60,20220209,180000,309.823,311.697,309.518,310,3494133,0
TSLA.US,60,20220209,190000,310.003,312.73,308.77,312.585,2940963,0
TSLA.US,60,20220209,200000,312.63,313.033,310.953,311.683,2232147,0
TSLA.US,60,20220209,210000,311.767,312.2,310.003,310.023,1937481,0
TSLA.US,60,20220209,220000,310.096,312,308.983,310.667,5467152,0
TSLA.US,60,20220210,160000,302.79,310.073,301.993,309.213,5240397,0
TSLA.US,60,20220210,170000,309.217,314.603,308.247,312.29,6813300,0
TSLA.US,60,20220210,180000,312.333,312.93,309.033,311.902,4433193,0
TSLA.US,60,20220210,190000,311.923,312.06,307.067,308.534,2777736,0
TSLA.US,60,20220210,200000,308.41,309.103,303.833,306.943,4307670,0
TSLA.US,60,20220210,210000,306.99,307.231,302.93,303.711,3759660,0
TSLA.US,60,20220210,220000,303.797,304.303,298.9,301.55,7293543,0
TSLA.US,60,20220211,160000,303.21,305.32,299.447,299.653,4972956,0
TSLA.US,60,20220211,170000,299.603,301.48,294.833,295.56,7611126,0
TSLA.US,60,20220211,180000,295.49,297,294.033,295.342,4497486,0
TSLA.US,60,20220211,190000,295.333,297.49,294.2,294.47,3016914,0
TSLA.US,60,20220211,200000,294.433,295.967,289.333,290.047,5334519,0
TSLA.US,60,20220211,210000,290.033,290.9,284.003,285.18,6689589,0
TSLA.US,60,20220211,220000,285.187,288.667,283.567,286.667,9960201,0
TSLA.US,60,20220214,160000,287.19,292.989,284.383,291,5242353,0
TSLA.US,60,20220214,170000,290.89,295.687,290.267,295.028,4973328,0
TSLA.US,60,20220214,180000,295.123,299.627,294.723,296.862,5359743,0
TSLA.US,60,20220214,190000,296.827,298.477,294.72,294.817,2588850,0
TSLA.US,60,20220214,200000,294.793,295.583,287.377,287.593,4019994,0
TSLA.US,60,20220214,210000,287.627,291.662,286.347,291.223,5596608,0
TSLA.US,60,20220214,220000,291.283,292.833,289.333,291.92,6037155,0
TSLA.US,60,20220215,160000,300,305.267,297.792,304.864,6767367,0
TSLA.US,60,20220215,170000,304.923,307.266,304.597,305.446,7404315,0
TSLA.US,60,20220215,180000,305.55,306.9,304.777,305.89,2829966,0
TSLA.US,60,20220215,190000,305.907,305.98,302.834,304.14,2929050,0
TSLA.US,60,20220215,200000,304.2,306.447,304,305.67,2420511,0
TSLA.US,60,20220215,210000,305.747,306.293,304.333,305.455,2213700,0
TSLA.US,60,20220215,220000,305.42,307.667,304.4,307.477,6131415,0
TSLA.US,60,20220216,160000,304.683,305.887,301.097,301.767,3857313,0
TSLA.US,60,20220216,170000,301.677,305.285,300.987,304.378,4227075,0
TSLA.US,60,20220216,180000,304.347,305.473,302.782,303.667,2175294,0
TSLA.US,60,20220216,190000,303.634,304.96,301.563,301.787,2458815,0
TSLA.US,60,20220216,200000,301.727,302.45,300.403,301.537,1795695,0
TSLA.US,60,20220216,210000,301.337,308.558,300.467,307.227,6029997,0
TSLA.US,60,20220216,220000,307.33,308.81,306.7,307.797,5855178,0
TSLA.US,60,20220217,160000,304.42,306.167,301.766,302.566,3171522,0
TSLA.US,60,20220217,170000,302.563,303.52,296,297.619,5499057,0
TSLA.US,60,20220217,180000,297.653,299.727,295.617,296.426,4100025,0
TSLA.US,60,20220217,190000,296.383,298.117,295.523,295.893,3187818,0
TSLA.US,60,20220217,200000,295.957,296.033,293.373,293.687,3453918,0
TSLA.US,60,20220217,210000,293.71,293.947,292,292.733,3273354,0
TSLA.US,60,20220217,220000,292.703,293.547,291.367,292.123,6625584,0
TSLA.US,60,20220218,160000,295.333,295.623,287.007,291.872,4730490,0
TSLA.US,60,20220218,170000,291.911,291.997,283.897,284.28,6870600,0
TSLA.US,60,20220218,180000,284.265,284.543,280.773,282.157,6145332,0
TSLA.US,60,20220218,190000,282.057,284.43,281.061,281.177,3515454,0
TSLA.US,60,20220218,200000,281.192,282.933,279.203,282.277,4306596,0
TSLA.US,60,20220218,210000,282.328,287.693,281.25,286.157,5411808,0
TSLA.US,60,20220218,220000,286.147,287.609,283.513,285.66,6954624,0
TSLA.US,60,20220222,160000,278.043,285.25,275.683,281.48,5810931,0
TSLA.US,60,20220222,170000,281.508,285.578,278.88,279.423,5230146,0
TSLA.US,60,20220222,180000,279.523,280.372,269.337,271.237,8093349,0
TSLA.US,60,20220222,190000,271.147,272.08,267.593,269.616,5778612,0
TSLA.US,60,20220222,200000,269.884,271.51,267.133,268.317,3964203,0
TSLA.US,60,20220222,210000,268.285,275.923,267.033,274.667,6996429,0
TSLA.US,60,20220222,220000,274.603,277.333,272.457,273.843,9293997,0
TSLA.US,60,20220223,160000,276.81,278.433,269.537,269.687,4745106,0
TSLA.US,60,20220223,170000,269.573,269.84,265.05,266.257,10873002,0
TSLA.US,60,20220223,180000,266.11,266.633,261.77,264.617,8023083,0
TSLA.US,60,20220223,190000,264.617,266.903,262.622,263.173,4424871,0
TSLA.US,60,20220223,200000,263.17,263.317,260.007,260.875,4879458,0
TSLA.US,60,20220223,210000,260.767,261.627,257,257.623,6201699,0
TSLA.US,60,20220223,220000,257.573,258.047,253.52,254.68,11348454,0
TSLA.US,60,20220224,160000,233.463,251.087,233.333,249.775,11542455,0
TSLA.US,60,20220224,170000,249.57,258.22,245.363,252.974,12007329,0
TSLA.US,60,20220224,180000,253.103,257.277,250.873,256.201,7341474,0
TSLA.US,60,20220224,190000,256.128,256.923,250.163,250.843,5764263,0
TSLA.US,60,20220224,200000,250.968,259,250.167,255.123,6385671,0
TSLA.US,60,20220224,210000,255.037,259.933,251.8,258.907,9191379,0
TSLA.US,60,20220224,220000,258.812,267.493,258.367,266.923,12343536,0
TSLA.US,60,20220225,160000,269.743,273.167,260.82,261.473,7951422,0
TSLA.US,60,20220225,170000,261.413,268.417,261.007,266.467,7921311,0
TSLA.US,60,20220225,180000,266.547,271.597,265.423,271.303,5792364,0
TSLA.US,60,20220225,190000,271.248,271.613,265.53,266.214,4300215,0
TSLA.US,60,20220225,200000,266.187,268.42,264.833,267.3,3676356,0
TSLA.US,60,20220225,210000,267.23,269.323,266.067,267.627,3490371,0
TSLA.US,60,20220225,220000,267.747,270.213,266.417,269.957,5833194,0
TSLA.US,60,20220228,160000,271.67,281.367,271.569,280.988,7153539,0
TSLA.US,60,20220228,170000,280.987,289.58,278.53,288.423,11082816,0
TSLA.US,60,20220228,180000,288.333,292.287,286.84,291.373,8374257,0
TSLA.US,60,20220228,190000,291.373,291.793,284.177,287.84,7450509,0
TSLA.US,60,20220228,200000,287.773,290.467,287.003,289.583,5390877,0
TSLA.US,60,20220228,210000,289.457,289.457,284.083,287.333,4585773,0
TSLA.US,60,20220228,220000,287.21,290.667,285.2,290.143,11037225,0
TSLA.US,60,20220301,160000,289.893,292.218,285.767,287.106,5974767,0
TSLA.US,60,20220301,170000,287.297,296.627,285.565,290.301,9766137,0
TSLA.US,60,20220301,180000,290.048,291.57,286.577,287.083,5190066,0
TSLA.US,60,20220301,190000,287.187,290.513,285.88,290.333,4986189,0
TSLA.US,60,20220301,200000,290.313,291.317,286.253,288.41,3369555,0
TSLA.US,60,20220301,210000,288.46,290.06,286.85,288.047,3519120,0
TSLA.US,60,20220301,220000,288.047,290.75,284.6,288.065,3606156,0
TSLA.US,60,20220302,160000,290.71,295.493,289.639,291.467,3480324,0
TSLA.US,60,20220302,170000,291.563,291.667,281.43,282.798,5731104,0
TSLA.US,60,20220302,180000,282.872,287.32,281.667,283.593,3832890,0
TSLA.US,60,20220302,190000,283.493,285.031,282.152,284.273,2696232,0
TSLA.US,60,20220302,200000,284.333,289.617,284.267,288.974,4957131,0
TSLA.US,60,20220302,210000,289.075,291.633,288.86,290.142,4158732,0
TSLA.US,60,20220302,220000,290,294.507,289.937,293.297,8111994,0
TSLA.US,60,20220303,160000,292.923,295.48,287.917,289.633,4316064,0
TSLA.US,60,20220303,170000,289.5,290.617,283.733,283.773,5293710,0
TSLA.US,60,20220303,180000,283.773,287.333,282.787,286.36,4837827,0
TSLA.US,60,20220303,190000,286.407,288.203,283.837,285.503,3349893,0
TSLA.US,60,20220303,200000,285.311,287.333,283.534,283.94,2635470,0
TSLA.US,60,20220303,210000,283.877,285.767,280.524,281.577,3466272,0
TSLA.US,60,20220303,220000,281.517,281.53,277.533,279.763,8163015,0
TSLA.US,60,20220304,160000,283.033,284.797,278.517,284.288,5544819,0
TSLA.US,60,20220304,170000,284.286,285.217,277.807,278.052,6066210,0
TSLA.US,60,20220304,180000,278.003,278.733,275.054,277.85,5298696,0
TSLA.US,60,20220304,190000,277.847,281.567,276.547,280,3907011,0
TSLA.US,60,20220304,200000,280.018,283.897,280.018,281.137,4400841,0
TSLA.US,60,20220304,210000,280.975,281.577,276.693,277,3749877,0
TSLA.US,60,20220304,220000,276.967,279.933,276.037,279.43,7383939,0
TSLA.US,60,20220307,160000,285.433,288.713,283.04,283.251,5488200,0
TSLA.US,60,20220307,170000,283.093,284.007,275.033,276.203,5287035,0
TSLA.US,60,20220307,180000,276.203,280.91,275.293,277.191,5089794,0
TSLA.US,60,20220307,190000,276.967,279.497,275.567,276.97,3506766,0
TSLA.US,60,20220307,200000,276.867,278.251,271.483,271.771,4364148,0
TSLA.US,60,20220307,210000,271.793,273.48,270.357,270.589,3260154,0
TSLA.US,60,20220307,220000,270.653,271.094,268.19,268.193,6371667,0
TSLA.US,60,20220308,160000,265.177,270.333,260.823,268.463,5337159,0
TSLA.US,60,20220308,170000,268.443,273.93,264.1,273.297,5242137,0
TSLA.US,60,20220308,180000,273.493,275.277,269,273.757,4652670,0
TSLA.US,60,20220308,190000,273.937,281.927,273.337,281.684,7676943,0
TSLA.US,60,20220308,200000,281.78,283.33,275.993,276.01,5642016,0
TSLA.US,60,20220308,210000,275.897,280.167,274.513,279.523,4797597,0
TSLA.US,60,20220308,220000,279.497,281.333,274.333,274.8,7508280,0
TSLA.US,60,20220309,160000,279.827,282.827,277.337,279.877,5156661,0
TSLA.US,60,20220309,170000,279.83,285.83,278.727,285.827,6932055,0
TSLA.US,60,20220309,180000,285.767,286.04,282.933,283.54,3699672,0
TSLA.US,60,20220309,190000,283.6,285.233,282.15,284.157,2546172,0
TSLA.US,60,20220309,200000,284.157,284.51,282.443,283.26,1833132,0
TSLA.US,60,20220309,210000,283.323,286.123,283.237,285.207,3055524,0
TSLA.US,60,20220309,220000,285.275,286.853,284.69,286.323,6761658,0
TSLA.US,60,20220310,160000,283.803,284.817,279,280.253,3912087,0
TSLA.US,60,20220310,170000,280.197,280.667,274.893,275.26,5140149,0
TSLA.US,60,20220310,180000,275.197,275.197,272.133,274.667,4048839,0
TSLA.US,60,20220310,190000,274.667,275.387,271.167,271.31,3194760,0
TSLA.US,60,20220310,200000,271.328,273.417,270.12,272.565,3648798,0
TSLA.US,60,20220310,210000,272.572,278.787,272.36,278.54,4590357,0
TSLA.US,60,20220310,220000,278.532,279.93,276.18,279.433,5665761,0
TSLA.US,60,20220311,160000,280.066,281.267,274.077,274.356,3863109,0
TSLA.US,60,20220311,170000,274.452,274.559,271.18,273.367,5639130,0
TSLA.US,60,20220311,180000,273.43,273.443,266.69,268.283,5887488,0
TSLA.US,60,20220311,190000,268.258,269.073,265.74,267.82,5081955,0
TSLA.US,60,20220311,200000,267.92,269.05,265.16,265.239,3546810,0
TSLA.US,60,20220311,210000,265.21,267.23,264.59,265.258,3802854,0
TSLA.US,60,20220311,220000,265.333,267.19,264.6,265.117,5224590,0
TSLA.US,60,20220314,150000,260.203,263.476,252.083,260,7154802,0
TSLA.US,60,20220314,160000,260.113,266.9,258.51,263.567,6907227,0
TSLA.US,60,20220314,170000,263.8,264.523,256.237,257.14,4497843,0
TSLA.US,60,20220314,180000,256.843,258.667,253.667,253.76,3605376,0
TSLA.US,60,20220314,190000,253.725,256.783,252.013,255.49,3965766,0
TSLA.US,60,20220314,200000,255.463,256.483,253.193,253.963,3311391,0
TSLA.US,60,20220314,210000,254.018,256.713,252.693,255.457,6224286,0
TSLA.US,60,20220315,150000,258.423,261.282,252.19,255.997,4860816,0
TSLA.US,60,20220315,160000,255.867,265.537,254.933,264.117,7783782,0
TSLA.US,60,20220315,170000,264.117,267,262.353,263.353,4938741,0
TSLA.US,60,20220315,180000,263.273,265.167,261.703,263.425,3107394,0
TSLA.US,60,20220315,190000,263.487,265.15,261.98,264.853,2636952,0
TSLA.US,60,20220315,200000,264.77,267.473,263.467,267.4,3649167,0
TSLA.US,60,20220315,210000,267.373,268.523,266.083,267.297,7917738,0
TSLA.US,60,20220316,150000,269.667,275.6,268,274.712,5665998,0
TSLA.US,60,20220316,160000,274.73,280.233,273.851,278.648,6891009,0
TSLA.US,60,20220316,170000,278.707,279.963,277.483,278.502,2963052,0
TSLA.US,60,20220316,180000,278.363,279.333,273.777,274.881,2954703,0
TSLA.US,60,20220316,190000,274.897,277.197,272.56,276.906,3734064,0
TSLA.US,60,20220316,200000,276.767,277.95,267.42,276.095,9593847,0
TSLA.US,60,20220316,210000,276.137,280.667,275.39,280.077,10189188,0
TSLA.US,60,20220317,150000,276.997,284.25,275.239,284.09,5283033,0
TSLA.US,60,20220317,160000,284.177,284.91,279.44,280.62,5735370,0
TSLA.US,60,20220317,170000,280.46,284.077,278.667,283.12,3724281,0
TSLA.US,60,20220317,180000,283.26,286.663,283.067,286.387,3532233,0
TSLA.US,60,20220317,190000,286.387,289.993,285,289.21,3734724,0
TSLA.US,60,20220317,200000,289.243,291.58,287.813,291.31,4380879,0
TSLA.US,60,20220317,210000,291.312,291.667,288.097,290.533,8706102,0
TSLA.US,60,20220318,150000,291.497,295.643,289.13,295.107,8451921,0
TSLA.US,60,20220318,160000,295.077,299.83,294.753,298.025,9602916,0
TSLA.US,60,20220318,170000,298.083,300.333,297.107,298.868,5111625,0
TSLA.US,60,20220318,180000,298.863,300.997,298.183,300.63,4013256,0
TSLA.US,60,20220318,190000,300.635,301.283,297.737,298.332,3566220,0
TSLA.US,60,20220318,200000,298.335,300.57,297.34,300.247,3748107,0
TSLA.US,60,20220318,210000,300.217,302.617,299.5,301.797,23631168,0
TSLA.US,60,20220321,150000,304.993,314.283,303.167,308.147,9680031,0
TSLA.US,60,20220321,160000,308.2,308.883,303.167,307.948,9467073,0
TSLA.US,60,20220321,170000,307.907,310.927,306.57,310.09,6121632,0
TSLA.US,60,20220321,180000,310.113,310.417,303.89,304.277,4673091,0
TSLA.US,60,20220321,190000,304.197,306.98,302.363,306.919,4293942,0
TSLA.US,60,20220321,200000,306.907,309.315,306.099,306.604,3967650,0
TSLA.US,60,20220321,210000,306.543,308.6,305.227,307.053,6224511,0
TSLA.US,60,20220322,150000,310,312.257,307.25,308.93,6246360,0
TSLA.US,60,20220322,160000,309,314.08,308.85,312.14,7307562,0
TSLA.US,60,20220322,170000,312.297,316.227,312.017,313.1,5325114,0
TSLA.US,60,20220322,180000,313.135,315.793,312.733,315.46,3780948,0
TSLA.US,60,20220322,190000,315.457,320.867,315.267,320.833,5729079,0
TSLA.US,60,20220322,200000,320.81,330.82,320.02,330.307,14547477,0
TSLA.US,60,20220322,210000,330.317,332.62,328.167,331.327,17347542,0
TSLA.US,60,20220323,150000,326.647,336.39,325.467,332.947,12244659,0
TSLA.US,60,20220323,160000,332.935,345,331.71,342,16322349,0
TSLA.US,60,20220323,170000,342.083,346.9,340.83,345.323,6385413,0
TSLA.US,60,20220323,180000,345.247,346.55,336.2,338.84,7225170,0
TSLA.US,60,20220323,190000,338.863,339.447,330.867,333.273,8530974,0
TSLA.US,60,20220323,200000,333.24,336.51,328.287,333.103,7753950,0
TSLA.US,60,20220323,210000,333.37,334.333,330.383,333.037,8189352,0
TSLA.US,60,20220324,150000,336.577,341.497,334,334.29,7911132,0
TSLA.US,60,20220324,160000,334.383,337,329.6,335.05,8975907,0
TSLA.US,60,20220324,170000,335.003,339.833,334.667,337.3,5043237,0
TSLA.US,60,20220324,180000,337.13,337.137,333.853,336.377,3050532,0
TSLA.US,60,20220324,190000,336.37,337.2,334.673,336,2255880,0
TSLA.US,60,20220324,200000,335.957,337.667,334.673,336.077,2672160,0
TSLA.US,60,20220324,210000,336.067,339.47,335.38,337.973,7027182,0
TSLA.US,60,20220325,150000,336,339.297,334.683,335.653,5627919,0
TSLA.US,60,20220325,160000,335.6,340.6,333.873,338.347,7455528,0
TSLA.US,60,20220325,170000,338.35,338.667,332.44,333.703,5716866,0
TSLA.US,60,20220325,180000,333.673,335.827,332.733,335.203,3396978,0
TSLA.US,60,20220325,190000,335.24,336.333,334,336.333,2307957,0
TSLA.US,60,20220325,200000,336.32,336.963,334.953,336.03,2513703,0
TSLA.US,60,20220325,210000,336.127,337.13,332.957,336.88,7183677,0
TSLA.US,60,20220328,160000,355.033,359.69,351.2,359.333,9776535,0
TSLA.US,60,20220328,170000,358.903,364.57,352.763,363.733,11940552,0
TSLA.US,60,20220328,180000,363.967,365.523,359.207,361.973,7505040,0
TSLA.US,60,20220328,190000,362.02,362.663,357.227,361.463,4404117,0
TSLA.US,60,20220328,200000,361.537,364.327,361.39,363.567,4483155,0
TSLA.US,60,20220328,210000,363.667,365.523,362.093,365.477,4676328,0
TSLA.US,60,20220328,220000,365.523,365.96,360.557,363.947,8211339,0
TSLA.US,60,20220329,160000,369.33,371.59,362.373,365.317,6813198,0
TSLA.US,60,20220329,170000,365.313,365.91,357.703,365.14,7184643,0
TSLA.US,60,20220329,180000,365.133,368.817,362.5,367.423,4979385,0
TSLA.US,60,20220329,190000,367.42,367.487,363.89,365.213,3283119,0
TSLA.US,60,20220329,200000,365.413,368.09,363.43,368.04,3135099,0
TSLA.US,60,20220329,210000,367.95,368.437,365.167,366.657,3108666,0
TSLA.US,60,20220329,220000,366.653,367.54,364.763,366.523,6123411,0
TSLA.US,60,20220330,160000,363.723,366.377,361.333,365.667,4939794,0
TSLA.US,60,20220330,170000,365.58,371.317,364.647,367.83,8027244,0
TSLA.US,60,20220330,180000,367.803,368.833,365.437,368.44,3792783,0
TSLA.US,60,20220330,190000,368.363,368.833,367.033,368.24,1917741,0
TSLA.US,60,20220330,200000,368.183,370.913,366.093,366.607,3254421,0
TSLA.US,60,20220330,210000,366.643,367.747,363.753,364.12,3505062,0
TSLA.US,60,20220330,220000,364.11,364.997,361.503,364.663,6563445,0
TSLA.US,60,20220331,160000,364.857,365,360.547,363.15,4214946,0
TSLA.US,60,20220331,170000,363.063,367.713,361.337,366.78,5044953,0
TSLA.US,60,20220331,180000,366.867,367.113,364.767,366.063,2290887,0
TSLA.US,60,20220331,190000,365.983,366.367,362.797,362.943,1835814,0
TSLA.US,60,20220331,200000,363,364.657,361.703,364.073,1943172,0
TSLA.US,60,20220331,210000,364,364.433,362.35,363.767,2078943,0
TSLA.US,60,20220331,220000,363.7,365.037,358.88,359.2,7262100,0
TSLA.US,60,20220401,160000,360.383,362.227,355.547,357.17,4654644,0
TSLA.US,60,20220401,170000,357.167,364.917,356.077,363.923,6850611,0
TSLA.US,60,20220401,180000,363.823,364.07,359.55,359.897,3312339,0
TSLA.US,60,20220401,190000,359.893,360.853,358.603,360.223,2575089,0
TSLA.US,60,20220401,200000,360.14,360.74,358.5,359.763,1968456,0
TSLA.US,60,20220401,210000,359.673,361.883,359.343,359.977,2569737,0
TSLA.US,60,20220401,220000,359.74,361.667,357.833,361.53,5895660,0
TSLA.US,60,20220404,160000,363.127,365.423,357.51,364.863,6301770,0
TSLA.US,60,20220404,170000,364.803,375.043,364.083,373.813,11276289,0
TSLA.US,60,20220404,180000,373.72,378.91,373.637,377.45,7542045,0
TSLA.US,60,20220404,190000,377.357,378.03,375.767,377.803,2737185,0
TSLA.US,60,20220404,200000,377.903,382.68,377.523,382.453,4824180,0
TSLA.US,60,20220404,210000,382.4,383.303,379.833,381.983,4472604,0
TSLA.US,60,20220404,220000,381.983,383,378.783,381.817,7130409,0
TSLA.US,60,20220405,160000,378.767,384.29,378.417,382.197,6869151,0
TSLA.US,60,20220405,170000,382.247,382.26,371.17,373.36,8691459,0
TSLA.US,60,20220405,180000,373.467,375.993,367.11,367.64,6887193,0
TSLA.US,60,20220405,190000,367.613,368.333,363.363,366.623,5883477,0
TSLA.US,60,20220405,200000,366.643,369.023,365.003,367.237,3582651,0
TSLA.US,60,20220405,210000,367.237,369.587,365.777,367.757,3320904,0
TSLA.US,60,20220405,220000,367.75,368.107,362.433,363.72,5539365,0
TSLA.US,60,20220406,160000,357.823,359.667,348.8,349.233,7809909,0
TSLA.US,60,20220406,170000,349.34,349.633,344.25,347.663,9310515,0
TSLA.US,60,20220406,180000,347.537,348.96,345.237,347.353,4476672,0
TSLA.US,60,20220406,190000,347.173,347.43,343.15,344.253,3852534,0
TSLA.US,60,20220406,200000,344.097,352.37,342.567,350,5740893,0
TSLA.US,60,20220406,210000,350.07,354.98,344.693,351.893,8419506,0
TSLA.US,60,20220406,220000,352.17,353.277,347.847,348.587,7552947,0
TSLA.US,60,20220407,160000,350.797,357.407,348.837,357.33,6535821,0
TSLA.US,60,20220407,170000,357.207,358.863,348.6,350.673,7522545,0
TSLA.US,60,20220407,180000,350.667,352.163,342.433,344.343,5387163,0
TSLA.US,60,20220407,190000,344.15,346.367,340.513,342.29,4393194,0
TSLA.US,60,20220407,200000,342.15,349.33,342.093,349.087,5475570,0
TSLA.US,60,20220407,210000,349.087,353.227,346.923,352.737,4606212,0
TSLA.US,60,20220407,220000,352.757,355.32,351.483,352.42,7340250,0
TSLA.US,60,20220408,160000,347.737,349.48,343.37,343.783,4846902,0
TSLA.US,60,20220408,170000,343.81,345.713,340.81,345.203,7407606,0
TSLA.US,60,20220408,180000,345.307,347.393,343.703,344.44,3937473,0
TSLA.US,60,20220408,190000,344.333,348.013,344.2,347.547,3265032,0
TSLA.US,60,20220408,200000,347.55,347.66,343.017,344.077,2895846,0
TSLA.US,60,20220408,210000,344,345.64,343.14,345.117,2326368,0
TSLA.US,60,20220408,220000,345.083,345.823,341.667,341.83,4692081,0
TSLA.US,60,20220411,160000,326.8,333.523,325.333,331.078,5982114,0
TSLA.US,60,20220411,170000,331.087,336.157,328.49,328.617,5613123,0
TSLA.US,60,20220411,180000,328.493,330.83,328.07,328.333,3404403,0
TSLA.US,60,20220411,190000,328.195,329.967,327.373,328.38,2604936,0
TSLA.US,60,20220411,200000,328.333,331.433,328.333,329.483,2766372,0
TSLA.US,60,20220411,210000,329.48,330,326.94,329.227,2642025,0
TSLA.US,60,20220411,220000,329.29,330.458,324.88,325.31,6073428,0
TSLA.US,60,20220412,160000,332.547,339.343,330.467,339.323,6444117,0
TSLA.US,60,20220412,170000,339.33,340.397,331.075,332.373,7536255,0
TSLA.US,60,20220412,180000,332.24,334.59,329.4,332.853,4955889,0
TSLA.US,60,20220412,190000,332.86,333.927,330.5,332.667,3182892,0
TSLA.US,60,20220412,200000,332.58,335.04,330.013,330.133,3721677,0
TSLA.US,60,20220412,210000,330.127,331.427,327.2,327.88,3407634,0
TSLA.US,60,20220412,220000,327.777,329.883,325.533,328.983,6013134,0
TSLA.US,60,20220413,160000,327.025,333,324.366,328.887,4873833,0
TSLA.US,60,20220413,170000,329.083,332.997,328.07,331.235,5098842,0
TSLA.US,60,20220413,180000,331.283,336.637,331.283,335.827,4474695,0
TSLA.US,60,20220413,190000,335.673,339.21,334.363,338.78,2785611,0
TSLA.US,60,20220413,200000,338.847,339.567,336.11,338.067,3358305,0
TSLA.US,60,20220413,210000,338.107,340.167,337.49,339.37,3044868,0
TSLA.US,60,20220413,220000,339.473,342.08,338.463,340.79,6076863,0
TSLA.US,60,20220414,160000,333.097,337.57,330.147,331.737,6268932,0
TSLA.US,60,20220414,170000,331.77,332.592,327.72,328.577,5682840,0
TSLA.US,60,20220414,180000,328.552,330.77,328.214,329.37,2652543,0
TSLA.US,60,20220414,190000,329.247,330.037,327.397,328.227,2431488,0
TSLA.US,60,20220414,200000,328.227,331.93,328.19,331.92,2711853,0
TSLA.US,60,20220414,210000,331.907,332.667,329,329.143,2854278,0
TSLA.US,60,20220414,220000,329.167,330.697,328.025,328.333,6254196,0
TSLA.US,60,20220418,160000,329.677,332,324.47,325.983,5191497,0
TSLA.US,60,20220418,170000,325.793,336.54,324.667,334.513,6598101,0
TSLA.US,60,20220418,180000,334.517,336.003,331.027,333.237,2986101,0
TSLA.US,60,20220418,190000,333.133,333.217,328.503,329.569,2451999,0
TSLA.US,60,20220418,200000,329.57,335.823,329.27,335.333,2901045,0
TSLA.US,60,20220418,210000,335.343,338.307,334.887,336.39,3437784,0
TSLA.US,60,20220418,220000,336.413,337.167,332.277,334.763,4366080,0
TSLA.US,60,20220419,160000,335.02,340.073,331.775,339.78,5543244,0
TSLA.US,60,20220419,170000,339.837,344.007,338.527,343.18,5647407,0
TSLA.US,60,20220419,180000,343.163,344.98,341.763,343.017,2958498,0
TSLA.US,60,20220419,190000,343.053,343.333,341.077,342.117,1902372,0
TSLA.US,60,20220419,200000,342.23,343.157,339.667,342.143,2364204,0
TSLA.US,60,20220419,210000,342.153,342.43,339.26,341.53,2535261,0
TSLA.US,60,20220419,220000,341.463,343.21,340.677,342.717,5278542,0
TSLA.US,60,20220420,160000,343.333,344.667,334.073,334.533,4548750,0
TSLA.US,60,20220420,170000,334.513,335.667,330.457,334.007,7172658,0
TSLA.US,60,20220420,180000,334,334.55,329.129,329.827,3810084,0
TSLA.US,60,20220420,190000,329.833,330.117,326,328.82,4424631,0
TSLA.US,60,20220420,200000,328.8,330.167,327.707,329.438,2911887,0
TSLA.US,60,20220420,210000,329.466,330.433,325.38,325.85,2409807,0
TSLA.US,60,20220420,220000,325.963,328.555,325.083,325.733,5979216,0
TSLA.US,60,20220421,160000,358.243,364.073,353.967,357.507,12437763,0
TSLA.US,60,20220421,170000,357.59,358.897,350.247,352.283,10293294,0
TSLA.US,60,20220421,180000,352.237,352.51,345.357,345.687,6713730,0
TSLA.US,60,20220421,190000,345.867,347.427,343.333,344.523,4999800,0
TSLA.US,60,20220421,200000,344.51,347.167,342.31,342.833,4173210,0
TSLA.US,60,20220421,210000,342.67,342.67,332.674,334.637,6736998,0
TSLA.US,60,20220421,220000,334.693,337.663,332.138,336.26,8243145,0
TSLA.US,60,20220422,160000,338.303,340.75,331.333,340.043,5151480,0
TSLA.US,60,20220422,170000,340.133,344.95,335.86,341.567,7375077,0
TSLA.US,60,20220422,180000,341.51,344.417,337.88,338.36,5098557,0
TSLA.US,60,20220422,190000,338.353,340.557,336.74,337.04,3577278,0
TSLA.US,60,20220422,200000,337.123,338.093,334.1,334.277,3344211,0
TSLA.US,60,20220422,210000,334.22,338.607,333.983,334.95,3630111,0
TSLA.US,60,20220422,220000,334.89,338.633,334.533,335.017,6674034,0
TSLA.US,60,20220425,160000,326.323,332.045,325.1,329.785,5170917,0
TSLA.US,60,20220425,170000,329.767,336.207,328.383,331.45,5782326,0
TSLA.US,60,20220425,180000,331.493,334.523,329.823,330.493,3575862,0
TSLA.US,60,20220425,190000,330.467,334.085,328.713,331.007,3266313,0
TSLA.US,60,20220425,200000,330.89,333.387,329.943,332.17,2235330,0
TSLA.US,60,20220425,210000,332.307,335.598,330.12,330.527,3942720,0
TSLA.US,60,20220425,220000,330.48,333.587,326.333,332.673,8960643,0
TSLA.US,60,20220426,160000,331.81,333.333,313.053,314.47,9250761,0
TSLA.US,60,20220426,170000,314.38,315.667,300.767,301.5,17884623,0
TSLA.US,60,20220426,180000,301.453,303.697,297.776,297.867,10017756,0
TSLA.US,60,20220426,190000,297.957,302.33,297.145,300.8,7635930,0
TSLA.US,60,20220426,200000,300.738,300.792,295.1,295.48,6279126,0
TSLA.US,60,20220426,210000,295.407,299.327,294.183,298.987,6654741,0
TSLA.US,60,20220426,220000,298.997,299.827,291.667,292.14,11586132,0
TSLA.US,60,20220427,160000,299.527,306,297.457,300.413,6968982,0
TSLA.US,60,20220427,170000,300.503,301.667,293.84,298.627,5988726,0
TSLA.US,60,20220427,180000,298.707,303.593,298.637,300.74,4388745,0
TSLA.US,60,20220427,190000,300.74,303.5,299.333,300.863,2927514,0
TSLA.US,60,20220427,200000,300.943,301.227,298.44,300.137,2904759,0
TSLA.US,60,20220427,210000,300.19,300.383,295.052,295.717,3173511,0
TSLA.US,60,20220427,220000,295.617,295.86,292.453,293.837,6695676,0
TSLA.US,60,20220428,160000,299.993,300,276.667,280.667,9121410,0
TSLA.US,60,20220428,170000,280.783,281.633,273.9,279.567,10856454,0
TSLA.US,60,20220428,180000,279.567,282.633,277.367,279.802,6662979,0
TSLA.US,60,20220428,190000,279.59,291.97,278.957,289.612,8568423,0
TSLA.US,60,20220428,200000,289.667,292.867,287.067,292.71,7566513,0
TSLA.US,60,20220428,210000,292.677,298.397,290.167,296.183,8050761,0
TSLA.US,60,20220428,220000,296.17,296.783,291.167,292.503,10240326,0
TSLA.US,60,20220429,160000,300.75,311.123,296.697,310.966,7960113,0
TSLA.US,60,20220429,170000,310.914,311.467,300.34,302.833,9013962,0
TSLA.US,60,20220429,180000,302.8,306.333,301,303.722,4590378,0
TSLA.US,60,20220429,190000,303.757,303.81,297.74,298.663,4275303,0
TSLA.US,60,20220429,200000,298.649,301.933,297.277,297.287,3288636,0
TSLA.US,60,20220429,210000,297.293,297.603,292.583,294.578,4115202,0
TSLA.US,60,20220429,220000,294.527,295.627,290,290.253,8521338,0
TSLA.US,60,20220502,160000,286.923,294.5,282.803,292.303,5262993,0
TSLA.US,60,20220502,170000,292.033,298.333,288.593,292.07,6243810,0
TSLA.US,60,20220502,180000,292.07,293.877,289.833,292.51,4017405,0
TSLA.US,60,20220502,190000,292.552,293.667,288.18,288.529,3335247,0
TSLA.US,60,20220502,200000,288.613,289.3,286.17,289.167,3335472,0
TSLA.US,60,20220502,210000,289.085,291.863,286.533,290.333,4418937,0
TSLA.US,60,20220502,220000,290.567,302.12,290.273,300.98,9888075,0
TSLA.US,60,20220503,160000,301.06,307.067,296.197,307.006,5949987,0
TSLA.US,60,20220503,170000,307.102,308.027,300.393,302.537,7185834,0
TSLA.US,60,20220503,180000,302.73,305.827,301.717,304.52,4321302,0
TSLA.US,60,20220503,190000,304.693,306.157,301.02,302.333,3292899,0
TSLA.US,60,20220503,200000,302.467,306.875,302.277,305.35,3325653,0
TSLA.US,60,20220503,210000,305.27,305.517,300.02,303.007,4100301,0
TSLA.US,60,20220503,220000,303.143,303.697,300.167,303.083,5669097,0
TSLA.US,60,20220504,160000,301.313,305.353,299.747,299.99,3622839,0
TSLA.US,60,20220504,170000,299.827,300.163,295.093,295.593,5674839,0
TSLA.US,60,20220504,180000,295.6,299.843,295.25,298.887,3637953,0
TSLA.US,60,20220504,190000,299.04,304.95,297.947,304.778,4456056,0
TSLA.US,60,20220504,200000,304.798,306.89,303.5,306.013,3865539,0
TSLA.US,60,20220504,210000,305.827,309.333,297.747,308.76,9352230,0
TSLA.US,60,20220504,220000,308.633,318.5,308.437,317.54,15339534,0
TSLA.US,60,20220505,160000,313.07,315.2,306.507,307.98,4831824,0
TSLA.US,60,20220505,170000,308.038,308.038,296.883,299.67,8842017,0
TSLA.US,60,20220505,180000,299.58,299.8,292.34,292.667,7449675,0
TSLA.US,60,20220505,190000,292.503,295.947,291.233,293.982,5701332,0
TSLA.US,60,20220505,200000,293.967,296.167,290.94,291.94,4728990,0
TSLA.US,60,20220505,210000,291.877,293.92,290.403,291.308,4217697,0
TSLA.US,60,20220505,220000,291.247,291.757,285.9,291.093,11605125,0
TSLA.US,60,20220506,160000,295.667,295.827,281.035,284.66,6005379,0
TSLA.US,60,20220506,170000,284.66,295.397,283.667,294.13,7164012,0
TSLA.US,60,20220506,180000,294.237,295.963,290.087,290.35,5239257,0
TSLA.US,60,20220506,190000,290.337,293.983,289.467,292.65,3390603,0
TSLA.US,60,20220506,200000,292.602,293,287.04,287.39,2783760,0
TSLA.US,60,20220506,210000,287.133,289.21,285.53,286.795,3395463,0
TSLA.US,60,20220506,220000,286.907,290.333,285.527,288.55,5896077,0
TSLA.US,60,20220509,160000,278.817,281.877,274.003,278.058,6367548,0
TSLA.US,60,20220509,170000,278.233,279.133,268.397,268.513,8503713,0
TSLA.US,60,20220509,180000,268.52,272.62,265.78,271.677,8109957,0
TSLA.US,60,20220509,190000,271.667,274.41,269,269.32,4690119,0
TSLA.US,60,20220509,200000,269.32,270.23,267.137,268.148,3322779,0
TSLA.US,60,20220509,210000,268.073,268.667,264.883,267.38,4913835,0
TSLA.US,60,20220509,220000,267.483,269.107,260.383,262.45,10351116,0
TSLA.US,60,20220510,160000,273.103,275.12,264.705,269.953,7675671,0
TSLA.US,60,20220510,170000,269.879,274.597,262.433,263.478,8460471,0
TSLA.US,60,20220510,180000,263.367,264.787,258.083,262.567,7353009,0
TSLA.US,60,20220510,190000,262.797,265.856,260.767,262.234,4412943,0
TSLA.US,60,20220510,200000,262.06,272.49,261.583,271.593,5812740,0
TSLA.US,60,20220510,210000,271.617,271.887,266.703,268.383,4281735,0
TSLA.US,60,20220510,220000,268.507,270.22,263.667,266.68,7409934,0
TSLA.US,60,20220511,160000,265,269.923,256.015,263.933,6158370,0
TSLA.US,60,20220511,170000,264.587,268.158,260.97,261.718,6488103,0
TSLA.US,60,20220511,180000,261.788,263.843,258.667,260.583,4985430,0
TSLA.US,60,20220511,190000,260.457,261.427,253.86,254.565,5299188,0
TSLA.US,60,20220511,200000,254.506,254.753,246.8,247.25,7465161,0
TSLA.US,60,20220511,210000,247.192,251.747,246.947,247.799,5900184,0
TSLA.US,60,20220511,220000,247.587,247.988,242.4,244.667,11514255,0
TSLA.US,60,20220512,160000,233.667,239.833,226.667,233.847,15545253,0
TSLA.US,60,20220512,170000,233.79,252.937,230.04,251.8,16391688,0
TSLA.US,60,20220512,180000,251.867,253.22,240.527,240.988,11559126,0
TSLA.US,60,20220512,190000,240.958,246.368,237.077,242.997,10096533,0
TSLA.US,60,20220512,200000,243.07,244.467,235.17,237.533,6401253,0
TSLA.US,60,20220512,210000,237.518,239.5,235.863,237.337,5797413,0
TSLA.US,60,20220512,220000,237.367,243.733,235.69,242.667,10478319,0
TSLA.US,60,20220513,160000,257.827,258.493,250.522,255.512,10586547,0
TSLA.US,60,20220513,170000,255.75,258.779,253.397,256.183,9371532,0
TSLA.US,60,20220513,180000,256.127,257.26,254.69,256.492,5690655,0
TSLA.US,60,20220513,190000,256.6,262.45,256.205,259.756,7451010,0
TSLA.US,60,20220513,200000,259.748,260.709,254.963,256.368,4157535,0
TSLA.US,60,20220513,210000,256.304,256.46,252.73,256.297,6118065,0
TSLA.US,60,20220513,220000,256.272,258.477,254.107,256.53,8807160,0
TSLA.US,60,20220516,160000,255.72,256.343,248.333,250.89,6711690,0
TSLA.US,60,20220516,170000,250.973,256.587,244.539,244.72,10436901,0
TSLA.US,60,20220516,180000,244.63,248.293,244,247.7,8083263,0
TSLA.US,60,20220516,190000,247.813,248.623,242.703,243.252,5302962,0
TSLA.US,60,20220516,200000,243.1,245.553,239.696,243.122,7169355,0
TSLA.US,60,20220516,210000,243.137,247.017,241.897,245.557,6313068,0
TSLA.US,60,20220516,220000,245.627,245.643,239.707,241.457,8025759,0
TSLA.US,60,20220517,160000,249.12,252.957,247.8,248.803,7987116,0
TSLA.US,60,20220517,170000,249,251.147,242.95,244.258,7164759,0
TSLA.US,60,20220517,180000,244.258,252.577,243.713,251.717,7820697,0
TSLA.US,60,20220517,190000,251.737,253.26,248.833,249.007,5260236,0
TSLA.US,60,20220517,200000,248.992,253.547,248.587,251.683,4083144,0
TSLA.US,60,20220517,210000,251.683,254.827,248.273,251.038,6586548,0
TSLA.US,60,20220517,220000,251.003,254.16,250.89,253.87,7182402,0
TSLA.US,60,20220518,160000,248.173,250.983,246.17,249.787,6080322,0
TSLA.US,60,20220518,170000,249.577,253.5,248.38,250.76,7509744,0
TSLA.US,60,20220518,180000,250.761,250.761,242.55,242.78,5677101,0
TSLA.US,60,20220518,190000,242.833,243.147,237.43,240.248,7998729,0
TSLA.US,60,20220518,200000,240.239,240.294,234.033,235.16,6715065,0
TSLA.US,60,20220518,210000,235.153,236.48,233.603,234.947,6423696,0
TSLA.US,60,20220518,220000,234.877,238.227,234.343,236.663,8384775,0
TSLA.US,60,20220519,160000,235.667,238.598,231.37,234.667,9304365,0
TSLA.US,60,20220519,170000,234.599,239.543,233.51,238.728,9677358,0
TSLA.US,60,20220519,180000,238.728,244.667,237.033,242.667,8780826,0
TSLA.US,60,20220519,190000,242.77,243.544,236.703,238.293,5433495,0
TSLA.US,60,20220519,200000,238.167,240,234.786,239,5693955,0
TSLA.US,60,20220519,210000,239,240.25,237.153,239.225,4903194,0
TSLA.US,60,20220519,220000,239.187,240.527,236.1,236.477,6545574,0
TSLA.US,60,20220520,160000,237.997,240.527,232.367,232.884,7873530,0
TSLA.US,60,20220520,170000,232.867,233.253,221.89,222.282,15611640,0
TSLA.US,60,20220520,180000,222.21,223.83,219.43,221.487,12419964,0
TSLA.US,60,20220520,190000,221.333,221.907,211.079,214.5,13972395,0
TSLA.US,60,20220520,200000,214.548,217.863,211,216.968,11366358,0
TSLA.US,60,20220520,210000,216.94,217.283,212.589,215.193,7999872,0
TSLA.US,60,20220520,220000,215.23,222.3,212.563,221.3,15684324,0
TSLA.US,60,20220523,160000,218.34,222.067,212.687,216.342,11699670,0
TSLA.US,60,20220523,170000,216.19,224.637,213.333,220.333,10774845,0
TSLA.US,60,20220523,180000,220.283,223.383,219.667,222.607,6174543,0
TSLA.US,60,20220523,190000,222.592,226.652,222.333,223.167,5646909,0
TSLA.US,60,20220523,200000,223.132,224.11,220.333,223.673,4165374,0
TSLA.US,60,20220523,210000,223.666,225.237,222.333,222.993,3801060,0
TSLA.US,60,20220523,220000,223.11,225.43,222.333,224.967,6805131,0
TSLA.US,60,20220524,160000,217.843,217.973,211.033,211.21,7245591,0
TSLA.US,60,20220524,170000,211.182,214.201,209.217,212.31,10219164,0
TSLA.US,60,20220524,180000,212.427,215.77,211.533,214.243,6159708,0
TSLA.US,60,20220524,190000,214.243,217.913,212.021,212.938,6227658,0
TSLA.US,60,20220524,200000,212.833,212.89,209.367,211.833,5358294,0
TSLA.US,60,20220524,210000,211.838,212.893,207.238,208.103,5361327,0
TSLA.US,60,20220524,220000,208.088,211.58,206.857,209.387,10326846,0
TSLA.US,60,20220525,160000,207.95,213.833,207.67,212.13,8330358,0
TSLA.US,60,20220525,170000,212.223,217.963,211.25,217.623,11143518,0
TSLA.US,60,20220525,180000,217.593,222.193,217.167,219.077,10454865,0
TSLA.US,60,20220525,190000,219.092,220.483,216.743,220.177,5466021,0
TSLA.US,60,20220525,200000,220.02,222.167,219.063,220.338,4579551,0
TSLA.US,60,20220525,210000,220.355,222.723,217.363,221.107,7235373,0
TSLA.US,60,20220525,220000,221.113,223.107,219,219.56,6663945,0
TSLA.US,60,20220526,160000,220.473,224.96,217.887,224.307,9281487,0
TSLA.US,60,20220526,170000,224.323,232.263,223.007,232.182,12081114,0
TSLA.US,60,20220526,180000,232.13,235.648,231.033,235.191,9841953,0
TSLA.US,60,20220526,190000,235.181,239.557,234.57,238.693,8506506,0
TSLA.US,60,20220526,200000,238.723,238.82,235.293,236.521,7741878,0
TSLA.US,60,20220526,210000,236.5,237.863,235.433,237.249,4894233,0
TSLA.US,60,20220526,220000,237.273,237.377,233.455,235.91,9986901,0
TSLA.US,60,20220527,160000,241.083,247.873,240.177,247.313,11286168,0
TSLA.US,60,20220527,170000,247.338,251.753,246.13,249.017,12856332,0
TSLA.US,60,20220527,180000,249.017,251.586,247.87,251.045,7201836,0
TSLA.US,60,20220527,190000,251.07,251.627,249.02,250.15,4914231,0
TSLA.US,60,20220527,200000,250.254,251.227,249.913,250.523,3454833,0
TSLA.US,60,20220527,210000,250.533,252.333,249.917,251.838,4662816,0
TSLA.US,60,20220527,220000,251.78,253.267,251.507,253.21,9559191,0
TSLA.US,60,20220531,160000,257.947,259.6,248.423,250.082,10545789,0
TSLA.US,60,20220531,170000,249.98,257.153,244.743,254.79,13350651,0
TSLA.US,60,20220531,180000,254.801,257.194,251.05,255.947,7720389,0
TSLA.US,60,20220531,190000,255.95,259.367,254.73,257.19,6449460,0
TSLA.US,60,20220531,200000,257.177,257.56,252.667,256.28,5669709,0
TSLA.US,60,20220531,210000,256.167,256.657,249.437,251.18,4753767,0
TSLA.US,60,20220531,220000,251.007,254.25,250.423,252.753,11272395,0
TSLA.US,60,20220601,160000,251.72,256.61,251.72,256.137,6956523,0
TSLA.US,60,20220601,170000,256.333,257.327,246.24,251.123,11521323,0
TSLA.US,60,20220601,180000,251.072,251.12,244.752,245.353,6014208,0
TSLA.US,60,20220601,190000,245.397,246.37,243.64,245.178,5341527,0
TSLA.US,60,20220601,200000,245.147,247.23,244.448,246.433,4842912,0
TSLA.US,60,20220601,210000,246.407,249.833,245.737,248.21,5723472,0
TSLA.US,60,20220601,220000,248.28,250.162,246.703,246.79,5839131,0
TSLA.US,60,20220602,160000,244.157,252,242.067,251.467,8489643,0
TSLA.US,60,20220602,170000,251.393,256.253,250.67,255.997,11081844,0
TSLA.US,60,20220602,180000,256.07,263.993,255.733,261.696,10552524,0
TSLA.US,60,20220602,190000,261.833,264.21,260.187,261.031,7028934,0
TSLA.US,60,20220602,200000,261.165,261.677,259.016,260.847,5950971,0
TSLA.US,60,20220602,210000,260.857,262.757,258.5,258.919,5461110,0
TSLA.US,60,20220602,220000,258.923,260.03,257.097,258.333,9375963,0
TSLA.US,60,20220603,160000,243.225,247.797,238.433,242.595,13749759,0
TSLA.US,60,20220603,170000,242.787,244.797,237.297,237.513,12179853,0
TSLA.US,60,20220603,180000,237.487,238.107,233.943,237.257,11103960,0
TSLA.US,60,20220603,190000,237.142,238.113,235.8,237.268,6425646,0
TSLA.US,60,20220603,200000,237.343,238.963,234.04,234.692,6497040,0
TSLA.US,60,20220603,210000,234.687,236.5,234.367,235.596,5373267,0
TSLA.US,60,20220603,220000,235.598,235.883,233.418,234.517,11272209,0
TSLA.US,60,20220606,160000,244.353,244.863,235.55,238.917,9744132,0
TSLA.US,60,20220606,170000,238.917,242.2,238.01,239.839,11435922,0
TSLA.US,60,20220606,180000,239.906,240.523,235.803,237.3,6416151,0
TSLA.US,60,20220606,190000,237.287,238.817,234.35,238.473,6061035,0
TSLA.US,60,20220606,200000,238.4,240.897,235.423,240.478,5369619,0
TSLA.US,60,20220606,210000,240.487,240.626,236.703,237.67,4796832,0
TSLA.US,60,20220606,220000,237.637,239.36,236.677,238.28,6336771,0
TSLA.US,60,20220607,160000,234,237.03,230.093,234.833,8854767,0
TSLA.US,60,20220607,170000,234.987,239.857,232.7,238.643,10966857,0
TSLA.US,60,20220607,180000,238.668,238.91,235.45,237.709,5744574,0
TSLA.US,60,20220607,190000,237.737,238.582,235.94,237.997,4231821,0
TSLA.US,60,20220607,200000,238.033,239.817,237.6,238.403,4344045,0
TSLA.US,60,20220607,210000,238.39,239.567,236.92,237.573,3209670,0
TSLA.US,60,20220607,220000,237.562,239.997,237.48,238.887,7048512,0
TSLA.US,60,20220608,160000,240.087,248.277,239.177,247.326,8894439,0
TSLA.US,60,20220608,170000,247.391,249.963,246.214,247.723,11444427,0
TSLA.US,60,20220608,180000,247.663,248.96,244.69,244.73,6847155,0
TSLA.US,60,20220608,190000,244.8,245.563,241.477,243.34,5660364,0
TSLA.US,60,20220608,200000,243.315,243.705,240.953,242.87,4282602,0
TSLA.US,60,20220608,210000,242.836,243.667,241.22,242.055,3739914,0
TSLA.US,60,20220608,220000,242.083,243.137,241.2,241.867,5558502,0
TSLA.US,60,20220609,160000,249.34,251.147,243.9,250.747,10858563,0
TSLA.US,60,20220609,170000,250.745,255.547,249.443,251.345,15293148,0
TSLA.US,60,20220609,180000,251.267,251.5,247.05,247.72,7613493,0
TSLA.US,60,20220609,190000,247.767,248.78,245.867,247.55,5492583,0
TSLA.US,60,20220609,200000,247.59,248.54,244.723,246.079,4710525,0
TSLA.US,60,20220609,210000,246.15,246.167,243.203,243.253,4015224,0
TSLA.US,60,20220609,220000,243.2,243.573,239.327,239.707,9495957,0
TSLA.US,60,20220610,160000,235.157,239.5,231.58,234.333,9896517,0
TSLA.US,60,20220610,170000,234.223,234.843,230.55,231.62,12115926,0
TSLA.US,60,20220610,180000,231.655,232.44,227.913,230.407,8406216,0
TSLA.US,60,20220610,190000,230.373,231.313,228.966,229.517,4842528,0
TSLA.US,60,20220610,200000,229.533,232.727,228.363,231.638,4907808,0
TSLA.US,60,20220610,210000,231.652,234.499,230.703,233.767,5464815,0
TSLA.US,60,20220610,220000,233.763,234.267,231.567,232.23,8869746,0
TSLA.US,60,20220613,160000,223.167,226.633,219.2,219.56,10099302,0
TSLA.US,60,20220613,170000,219.549,221.313,214.737,217.773,14114856,0
TSLA.US,60,20220613,180000,217.7,222.8,216.7,221.407,9371448,0
TSLA.US,60,20220613,190000,221.397,223.167,219.167,219.3,5546871,0
TSLA.US,60,20220613,200000,219.31,219.62,217.093,219.403,4885890,0
TSLA.US,60,20220613,210000,219.4,219.483,216.207,216.75,4402854,0
TSLA.US,60,20220613,220000,216.68,217.297,214.683,215.737,10337442,0
TSLA.US,60,20220614,160000,218.287,218.958,211.737,217.865,9575238,0
TSLA.US,60,20220614,170000,217.911,218.677,211.89,215.74,13005225,0
TSLA.US,60,20220614,180000,215.637,222.324,214.833,221.587,9440412,0
TSLA.US,60,20220614,190000,221.617,222.16,219.14,221.863,6217965,0
TSLA.US,60,20220614,200000,221.937,226.33,220.8,221.43,8504799,0
TSLA.US,60,20220614,210000,221.433,223.35,220.367,220.41,5728326,0
TSLA.US,60,20220614,220000,220.47,221.935,217.713,220.89,9082710,0
TSLA.US,60,20220615,160000,220.917,226.117,218.15,224.685,9768222,0
TSLA.US,60,20220615,170000,224.735,228.537,222.413,224.353,11832891,0
TSLA.US,60,20220615,180000,224.325,226.637,224.083,226.385,6181797,0
TSLA.US,60,20220615,190000,226.42,228.74,225.89,226.05,6143805,0
TSLA.US,60,20220615,200000,226.073,229.32,225.923,228.268,5263629,0
TSLA.US,60,20220615,210000,228.168,235.66,223.622,230.1,14448492,0
TSLA.US,60,20220615,220000,230.1,234.99,229.257,233,15666399,0
TSLA.US,60,20220616,160000,222.737,225.167,218.72,219.282,10153512,0
TSLA.US,60,20220616,170000,219.177,220.923,217.05,217.15,10093260,0
TSLA.US,60,20220616,180000,217.193,219.078,215.5,216.443,7719951,0
TSLA.US,60,20220616,190000,216.437,216.553,213.603,213.985,6421845,0
TSLA.US,60,20220616,200000,214.063,215.52,211.507,211.66,6574314,0
TSLA.US,60,20220616,210000,211.732,211.893,208.693,209.91,8343795,0
TSLA.US,60,20220616,220000,209.912,213.275,209.5,213.1,13788294,0
TSLA.US,60,20220617,160000,213.433,220.969,213.333,218.8,11492715,0
TSLA.US,60,20220617,170000,218.853,219.167,213.197,215.316,10904580,0
TSLA.US,60,20220617,180000,215.213,218.443,214.173,215.607,7350606,0
TSLA.US,60,20220617,190000,215.515,217.96,214.813,217.288,4546677,0
TSLA.US,60,20220617,200000,217.307,219.847,217.035,218.273,5306922,0
TSLA.US,60,20220617,210000,218.243,219.113,217.287,217.473,3730356,0
TSLA.US,60,20220617,220000,217.477,218.013,216,216.76,13152021,0
TSLA.US,60,20220621,160000,224.603,235.622,224.333,235.103,13865766,0
TSLA.US,60,20220621,170000,235.193,241.277,233.37,240.833,16981908,0
TSLA.US,60,20220621,180000,240.902,242.833,238.4,238.445,11734914,0
TSLA.US,60,20220621,190000,238.472,241.983,238.44,241.83,7531977,0
TSLA.US,60,20220621,200000,241.843,243.577,241.227,241.953,6858783,0
TSLA.US,60,20220621,210000,241.95,243.187,241.077,241.517,5732274,0
TSLA.US,60,20220621,220000,241.543,242.517,236.533,237.037,13574055,0
TSLA.US,60,20220622,160000,234.503,243.077,233.827,242.333,11985975,0
TSLA.US,60,20220622,170000,242.413,246.833,239.737,245.117,14229405,0
TSLA.US,60,20220622,180000,245.153,245.385,237.777,237.915,9155712,0
TSLA.US,60,20220622,190000,237.939,240.167,237.193,240.153,7689978,0
TSLA.US,60,20220622,200000,240.14,240.852,238.453,239.057,5236593,0
TSLA.US,60,20220622,210000,239.057,240.188,235.887,237.593,5639913,0
TSLA.US,60,20220622,220000,237.517,238.407,234.767,236.087,10095294,0
TSLA.US,60,20220623,160000,237.905,239.317,229.167,232.267,10876824,0
TSLA.US,60,20220623,170000,232.322,238.667,231.833,238.436,13954185,0
TSLA.US,60,20220623,180000,238.465,239.13,235.09,235.391,8522712,0
TSLA.US,60,20220623,190000,235.447,235.666,230.503,230.777,7789452,0
TSLA.US,60,20220623,200000,230.67,231.723,228.637,231,7381230,0
TSLA.US,60,20220623,210000,231.067,232.993,230.197,232.12,6105153,0
TSLA.US,60,20220623,220000,232.167,236.667,231.087,235.07,11668257,0
TSLA.US,60,20220624,160000,237.468,243.22,236.087,242.29,11480304,0
TSLA.US,60,20220624,170000,242.347,246.067,241.747,243.121,12988392,0
TSLA.US,60,20220624,180000,243.12,244.457,241.967,243.515,6991815,0
TSLA.US,60,20220624,190000,243.563,244.764,242.732,244.557,5115126,0
TSLA.US,60,20220624,200000,244.567,245.41,243.767,243.885,4705206,0
TSLA.US,60,20220624,210000,243.917,245.287,243.578,244.471,3892599,0
TSLA.US,60,20220624,220000,244.493,245.95,243.377,245.707,14124678,0
TSLA.US,60,20220627,160000,249.367,252.07,243.507,246.867,11414616,0
TSLA.US,60,20220627,170000,247,250.39,244.889,248.793,12463902,0
TSLA.US,60,20220627,180000,248.792,249.103,246.007,246.425,5716779,0
TSLA.US,60,20220627,190000,246.373,246.62,243.563,245.223,5906334,0
TSLA.US,60,20220627,200000,245.188,245.333,242.566,243.005,4587468,0
TSLA.US,60,20220627,210000,242.943,245.563,242.757,244.427,4213980,0
TSLA.US,60,20220627,220000,244.373,245.183,243.003,244.92,9144069,0
TSLA.US,60,20220628,160000,244.483,249.97,244,248.277,9704877,0
TSLA.US,60,20220628,170000,248.173,249.287,241.48,242.937,11829351,0
TSLA.US,60,20220628,180000,242.856,243.663,236.187,236.43,9616539,0
TSLA.US,60,20220628,190000,236.383,237.293,235.033,236.473,6304092,0
TSLA.US,60,20220628,200000,236.485,236.523,233.563,234.202,5413053,0
TSLA.US,60,20220628,210000,234.193,235.067,232.767,233.67,5288586,0
TSLA.US,60,20220628,220000,233.673,234.473,232.343,232.663,8718273,0
TSLA.US,60,20220629,160000,230.5,231.173,223.76,227.333,10962690,0
TSLA.US,60,20220629,170000,227.26,229.587,224.333,225.297,10599090,0
TSLA.US,60,20220629,180000,225.323,225.818,222.273,225.09,7337649,0
TSLA.US,60,20220629,190000,225.083,225.293,222.353,224.167,4895439,0
TSLA.US,60,20220629,200000,224.173,226.593,223.837,226.26,4879740,0
TSLA.US,60,20220629,210000,226.21,227.547,225.87,226.487,4875972,0
TSLA.US,60,20220629,220000,226.437,229.063,226.033,228.49,7468182,0
TSLA.US,60,20220630,160000,224.51,229.133,223.083,224.475,9560559,0
TSLA.US,60,20220630,170000,224.427,224.657,218.863,221.92,11616105,0
TSLA.US,60,20220630,180000,221.924,228.983,221.167,228.646,10852794,0
TSLA.US,60,20220630,190000,228.623,229.457,225.52,227.677,7467393,0
TSLA.US,60,20220630,200000,227.64,228.667,225.937,227.887,5249694,0
TSLA.US,60,20220630,210000,228,228.163,225.087,225.4,3656571,0
TSLA.US,60,20220630,220000,225.417,225.69,222.9,224.473,10417350,0
TSLA.US,60,20220701,160000,227,230.17,224.667,228.674,9665034,0
TSLA.US,60,20220701,170000,228.787,230.23,222.22,224.427,9865542,0
TSLA.US,60,20220701,180000,224.347,226.627,223.54,223.885,6754530,0
TSLA.US,60,20220701,190000,223.813,225.1,222.715,222.84,4240230,0
TSLA.US,60,20220701,200000,222.8,224.73,222.12,224.202,4178868,0
TSLA.US,60,20220701,210000,224.192,225.082,222.773,224.773,3585945,0
TSLA.US,60,20220701,220000,224.813,227.367,223.776,227.263,7551561,0
TSLA.US,60,20220705,160000,223,224.133,216.687,218.337,9020004,0
TSLA.US,60,20220705,170000,218.333,224.307,216.167,222.237,10191252,0
TSLA.US,60,20220705,180000,222.24,224.861,220.37,224.598,5783775,0
TSLA.US,60,20220705,190000,224.663,228,224.553,225.781,6559944,0
TSLA.US,60,20220705,200000,225.677,231.163,225.67,229.448,6371808,0
TSLA.US,60,20220705,210000,229.5,232.197,228.203,231.167,5732730,0
TSLA.US,60,20220705,220000,231.134,233.147,230.238,233.067,7914807,0
TSLA.US,60,20220706,160000,230.78,234.563,227.187,230.737,9114033,0
TSLA.US,60,20220706,170000,230.751,232.405,228.067,230.973,8465289,0
TSLA.US,60,20220706,180000,231.065,231.597,227.317,228.146,4960452,0
TSLA.US,60,20220706,190000,228.11,229.537,227.69,229.113,2967456,0
TSLA.US,60,20220706,200000,229.067,230.563,228.923,229.917,2787090,0
TSLA.US,60,20220706,210000,229.942,232.941,228.353,232.917,7162659,0
TSLA.US,60,20220706,220000,232.943,233.583,230.68,231.733,7249185,0
TSLA.US,60,20220707,160000,233.92,240.66,232.21,240.178,10866684,0
TSLA.US,60,20220707,170000,240.193,241.98,238.507,241.51,12033942,0
TSLA.US,60,20220707,180000,241.518,241.833,240.123,241.442,4790412,0
TSLA.US,60,20220707,190000,241.45,244.38,241.34,244.293,6314496,0
TSLA.US,60,20220707,200000,244.305,244.94,243.17,244.561,5118063,0
TSLA.US,60,20220707,210000,244.562,245.362,244.03,244.487,4188378,0
TSLA.US,60,20220707,220000,244.543,244.987,243.507,244.543,7410816,0
TSLA.US,60,20220708,160000,242.333,247.177,241.17,244.07,9150258,0
TSLA.US,60,20220708,170000,244.127,254.4,243.373,252.797,17332056,0
TSLA.US,60,20220708,180000,252.82,254.98,252.393,254.233,7446453,0
TSLA.US,60,20220708,190000,254.233,254.267,248.833,249.497,8061891,0
TSLA.US,60,20220708,200000,249.547,253.05,247.797,251.117,6969879,0
TSLA.US,60,20220708,210000,251.13,253.12,250.863,252.543,4725315,0
TSLA.US,60,20220708,220000,252.573,252.633,249.727,250.763,9322170,0
TSLA.US,60,20220711,160000,252.103,253.063,240.707,241.832,12619419,0
TSLA.US,60,20220711,170000,241.83,242.763,237.47,237.48,11369232,0
TSLA.US,60,20220711,180000,237.47,238.75,234.51,234.947,8445561,0
TSLA.US,60,20220711,190000,234.949,235.5,233.89,234.667,6197241,0
TSLA.US,60,20220711,200000,234.597,238.757,234.597,237.448,8274603,0
TSLA.US,60,20220711,210000,237.398,237.573,234.497,234.533,5020059,0
TSLA.US,60,20220711,220000,234.5,235.963,233.627,234.343,7826595,0
TSLA.US,60,20220712,160000,236.847,239.773,229.177,229.64,11399856,0
TSLA.US,60,20220712,170000,229.602,232.74,228.368,230.633,10865931,0
TSLA.US,60,20220712,180000,230.667,235.943,230.31,234.7,9353895,0
TSLA.US,60,20220712,190000,234.553,235.44,233.186,233.751,4640469,0
TSLA.US,60,20220712,200000,233.8,234.913,232.517,234.4,4525377,0
TSLA.US,60,20220712,210000,234.457,234.6,232.333,232.657,4681425,0
TSLA.US,60,20220712,220000,232.57,233.617,230.582,233.07,8906754,0
TSLA.US,60,20220713,160000,225.5,235.763,225.033,234.9,10340841,0
TSLA.US,60,20220713,170000,234.957,242.06,232,240.12,15913047,0
TSLA.US,60,20220713,180000,240.176,241,237.39,238.833,7787373,0
TSLA.US,60,20220713,190000,238.809,240.783,238.017,240.667,4919238,0
TSLA.US,60,20220713,200000,240.717,241.697,240.037,241.298,4804431,0
TSLA.US,60,20220713,210000,241.32,241.5,238.867,240.513,4996287,0
TSLA.US,60,20220713,220000,240.55,240.661,236.857,237.04,7505046,0
TSLA.US,60,20220714,160000,234.897,236.83,230.5,230.59,9270144,0
TSLA.US,60,20220714,170000,230.623,233.32,229.333,232.527,9586383,0
TSLA.US,60,20220714,180000,232.503,235.533,232.503,234.853,7228596,0
TSLA.US,60,20220714,190000,234.86,235.657,231.733,232.531,4441659,0
TSLA.US,60,20220714,200000,232.469,234.913,231.957,233.715,3402510,0
TSLA.US,60,20220714,210000,233.705,236.723,233.503,235.502,4992816,0
TSLA.US,60,20220714,220000,235.58,238.653,234.697,238.313,9425721,0
TSLA.US,60,20220715,160000,240,243.623,238.653,240.073,9174825,0
TSLA.US,60,20220715,170000,240.197,241.557,236.89,238.446,8076903,0
TSLA.US,60,20220715,180000,238.455,240.553,238.11,239.82,5793102,0
TSLA.US,60,20220715,190000,239.879,240.167,238.17,239.797,3828459,0
TSLA.US,60,20220715,200000,239.857,240.516,239.347,240.072,2700036,0
TSLA.US,60,20220715,210000,240.077,240.267,238.867,238.891,2483913,0
TSLA.US,60,20220715,220000,238.937,240.123,238.5,240.067,6341442,0
TSLA.US,60,20220718,160000,244.937,250.07,243.767,248.963,10591464,0
TSLA.US,60,20220718,170000,249,249.327,245.5,249.01,9352233,0
TSLA.US,60,20220718,180000,248.953,250.517,248.12,248.597,6509748,0
TSLA.US,60,20220718,190000,248.5,249.43,246.782,248.417,4067526,0
TSLA.US,60,20220718,200000,248.42,249.127,243.837,244.467,4558071,0
TSLA.US,60,20220718,210000,244.433,244.787,241.293,241.745,6629193,0
TSLA.US,60,20220718,220000,241.697,242.92,239.603,240.547,8536989,0
TSLA.US,60,20220719,160000,245,246.86,239.89,242.413,9909354,0
TSLA.US,60,20220719,170000,242.52,242.607,236.977,242.13,10752201,0
TSLA.US,60,20220719,180000,242.07,243.333,240.337,243.03,5726742,0
TSLA.US,60,20220719,190000,243.023,243.15,240.84,242.303,4234290,0
TSLA.US,60,20220719,200000,242.293,245.483,242.11,244.967,5393745,0
TSLA.US,60,20220719,210000,245,247.14,244.971,246.117,5868009,0
TSLA.US,60,20220719,220000,246.143,246.823,244.77,245.53,8133906,0
TSLA.US,60,20220720,160000,246.783,250.663,244.05,244.647,10220778,0
TSLA.US,60,20220720,170000,244.707,250.033,243.483,249.163,10840791,0
TSLA.US,60,20220720,180000,249.189,249.25,246.697,248.18,5261352,0
TSLA.US,60,20220720,190000,248.1,249.66,246.12,247.643,4518198,0
TSLA.US,60,20220720,200000,247.54,247.687,245.69,246.203,3886767,0
TSLA.US,60,20220720,210000,246.14,248.567,246.083,247.507,3235590,0
TSLA.US,60,20220720,220000,247.525,248.897,247.067,247.5,7366095,0
TSLA.US,60,20220721,160000,255.107,262.997,254.867,262.487,16615554,0
TSLA.US,60,20220721,170000,262.65,263.813,259.173,263.187,15256713,0
TSLA.US,60,20220721,180000,263.203,266.667,262.717,266.46,10239387,0
TSLA.US,60,20220721,190000,266.373,271.797,266.333,270.77,12126768,0
TSLA.US,60,20220721,200000,270.78,271.78,269.803,271.567,8002161,0
TSLA.US,60,20220721,210000,271.617,273.267,271.047,272.112,7802025,0
TSLA.US,60,20220721,220000,272.217,273.16,270.47,271.707,10308450,0
TSLA.US,60,20220722,160000,276.22,280.443,272.67,276.443,12937281,0
TSLA.US,60,20220722,170000,276.457,280.787,275.413,278.297,10751574,0
TSLA.US,60,20220722,180000,278.272,278.702,271,274.867,9967020,0
TSLA.US,60,20220722,190000,274.863,275.707,272.907,274.733,5462742,0
TSLA.US,60,20220722,200000,274.733,274.733,272.417,273.333,4192017,0
TSLA.US,60,20220722,210000,273.333,273.497,270.713,271.497,6066831,0
TSLA.US,60,20220722,220000,271.503,273.507,270.938,272.243,8409462,0
TSLA.US,60,20220725,160000,272.217,274.147,268.383,271.366,9342156,0
TSLA.US,60,20220725,170000,271.235,273.137,269.537,271.497,7579812,0
TSLA.US,60,20220725,180000,271.437,271.697,269.8,270.82,4180779,0
TSLA.US,60,20220725,190000,270.86,271.463,269.153,270.813,3252126,0
TSLA.US,60,20220725,200000,270.88,271.457,268.843,269.033,2458653,0
TSLA.US,60,20220725,210000,269.013,270.133,268.233,268.995,3025602,0
TSLA.US,60,20220725,220000,269.008,269.367,267.4,268.433,7797228,0
TSLA.US,60,20220726,160000,266.513,267.31,262.573,263.631,7073670,0
TSLA.US,60,20220726,170000,263.59,264.597,261.537,263.372,7607325,0
TSLA.US,60,20220726,180000,263.403,263.82,256.503,256.867,7711134,0
TSLA.US,60,20220726,190000,256.917,258.5,256.263,258.37,5673402,0
TSLA.US,60,20220726,200000,258.367,259.533,257.8,258.11,3693330,0
TSLA.US,60,20220726,210000,258.095,258.867,257.69,258.365,3053265,0
TSLA.US,60,20220726,220000,258.413,259.243,257.267,258.86,6049275,0
TSLA.US,60,20220727,160000,263.81,266.317,261.79,265.333,7713540,0
TSLA.US,60,20220727,170000,265.395,270.137,264.833,269.611,9993567,0
TSLA.US,60,20220727,180000,269.667,270.33,268.39,268.903,4867410,0
TSLA.US,60,20220727,190000,268.915,271.657,268.709,269.89,4549935,0
TSLA.US,60,20220727,200000,269.823,271.16,269.13,271.057,2829009,0
TSLA.US,60,20220727,210000,271.17,275.487,268.817,274.412,10985535,0
TSLA.US,60,20220727,220000,274.417,275.926,273.59,274.82,12524769,0
TSLA.US,60,20220728,160000,280.067,283.3,275.117,276.04,11320788,0
TSLA.US,60,20220728,170000,276.18,278.32,272.8,278.243,11258094,0
TSLA.US,60,20220728,180000,278.258,281.32,277.893,279.92,8666370,0
TSLA.US,60,20220728,190000,279.933,280.133,277.37,279.043,4449534,0
TSLA.US,60,20220728,200000,279.023,280.49,278.433,280.053,3255171,0
TSLA.US,60,20220728,210000,280.103,281.997,279.807,281.702,4047351,0
TSLA.US,60,20220728,220000,281.667,281.993,280.083,280.9,6739191,0
TSLA.US,60,20220729,160000,280.7,287,279.1,285.94,9710814,0
TSLA.US,60,20220729,170000,286.023,289.133,285.41,286.957,9670791,0
TSLA.US,60,20220729,180000,286.907,288.483,286.03,287.807,5714061,0
TSLA.US,60,20220729,190000,287.757,288.52,286.813,287.54,3587502,0
TSLA.US,60,20220729,200000,287.567,289.647,286.88,289.117,4181760,0
TSLA.US,60,20220729,210000,289.107,292.883,289,292.86,6746184,0
TSLA.US,60,20220729,220000,292.869,298.32,292.507,297.157,16234056,0
TSLA.US,60,20220801,160000,301.275,311.878,298.72,308.487,15184713,0
TSLA.US,60,20220801,170000,308.403,309.827,301.993,303.318,14531643,0
TSLA.US,60,20220801,180000,303.32,305.773,300,304.77,9858717,0
TSLA.US,60,20220801,190000,304.76,305.833,300.42,300.936,5181915,0
TSLA.US,60,20220801,200000,301.087,301.243,295,297.854,8644548,0
TSLA.US,60,20220801,210000,297.843,301.587,296.897,301.073,6689097,0
TSLA.US,60,20220801,220000,301.223,301.5,296.117,297.308,7502862,0
TSLA.US,60,20220802,160000,294.003,301.153,292.667,298.92,9748845,0
TSLA.US,60,20220802,170000,298.91,306.667,294.797,305.417,13645836,0
TSLA.US,60,20220802,180000,305.307,306.218,301.937,304.771,7108860,0
TSLA.US,60,20220802,190000,304.76,307.833,302.787,306.083,6281955,0
TSLA.US,60,20220802,200000,306.049,306.993,299.508,302.607,7617507,0
TSLA.US,60,20220802,210000,302.608,305.567,301.43,303.138,6109509,0
TSLA.US,60,20220802,220000,303.153,304,300.323,300.587,7186425,0
TSLA.US,60,20220803,160000,305,309.55,303.333,305.25,10535376,0
TSLA.US,60,20220803,170000,305.05,307,301.15,304.463,10284588,0
TSLA.US,60,20220803,180000,304.59,305.483,303.333,304.757,4350588,0
TSLA.US,60,20220803,190000,304.778,309.1,303.333,307.925,6642798,0
TSLA.US,60,20220803,200000,308.017,308.367,306.07,307.458,3647739,0
TSLA.US,60,20220803,210000,307.506,309.467,306.833,308.02,4934598,0
TSLA.US,60,20220803,220000,307.985,308.757,307.297,307.397,6730476,0
TSLA.US,60,20220804,160000,311,313.607,308.883,311.698,8981217,0
TSLA.US,60,20220804,170000,311.51,313.303,306.27,308.706,10520238,0
TSLA.US,60,20220804,180000,308.702,308.91,305,307.645,6467775,0
TSLA.US,60,20220804,190000,307.677,309.23,306.433,307.387,4484826,0
TSLA.US,60,20220804,200000,307.39,308.64,307.113,307.927,2686896,0
TSLA.US,60,20220804,210000,307.87,308.163,306.34,307.5,2591280,0
TSLA.US,60,20220804,220000,307.49,309.333,306.93,308.633,6415071,0
TSLA.US,60,20220805,160000,302.67,304.607,299.003,299.553,9781893,0
TSLA.US,60,20220805,170000,299.553,304.047,298.707,299.278,9951003,0
TSLA.US,60,20220805,180000,299.243,299.57,290.747,291.463,11118747,0
TSLA.US,60,20220805,190000,291.517,293.3,289.533,292.03,8973420,0
TSLA.US,60,20220805,200000,292.03,294.767,290.023,291.17,6476169,0
TSLA.US,60,20220805,210000,291.179,291.433,286.753,287.5,6763527,0
TSLA.US,60,20220805,220000,287.5,289.33,285.545,288.17,11612322,0
TSLA.US,60,20220808,160000,295,303.367,292.75,301.27,11838084,0
TSLA.US,60,20220808,170000,301.303,305.2,299.503,303.257,10238583,0
TSLA.US,60,20220808,180000,303.333,304.223,300.02,301.588,5963676,0
TSLA.US,60,20220808,190000,301.63,302.667,296.2,297.57,6579492,0
TSLA.US,60,20220808,200000,297.612,300.667,295.343,295.772,5904159,0
TSLA.US,60,20220808,210000,295.85,296.033,289.21,290.563,7750476,0
TSLA.US,60,20220808,220000,290.63,293,289.085,290.423,9253878,0
TSLA.US,60,20220809,160000,290.293,292.397,284,284.087,9330078,0
TSLA.US,60,20220809,170000,284.097,288.17,282.743,287.363,9601470,0
TSLA.US,60,20220809,180000,287.393,287.393,281.983,282.208,6335826,0
TSLA.US,60,20220809,190000,282.167,282.626,279.353,281.267,6688074,0
TSLA.US,60,20220809,200000,281.26,284.18,281.05,283.855,5012643,0
TSLA.US,60,20220809,210000,283.855,285.619,280.603,280.664,6064155,0
TSLA.US,60,20220809,220000,280.633,283.643,280.17,283.333,8105007,0
TSLA.US,60,20220810,160000,297.067,297.51,285.677,287.673,12276735,0
TSLA.US,60,20220810,170000,287.628,290.593,283.37,289.787,12122991,0
TSLA.US,60,20220810,180000,289.887,292.297,288.34,290.696,7205178,0
TSLA.US,60,20220810,190000,290.597,291.33,288.887,290.848,4535841,0
TSLA.US,60,20220810,200000,290.863,294.42,290,293.826,5502900,0
TSLA.US,60,20220810,210000,293.818,294.657,291.38,291.647,4051011,0
TSLA.US,60,20220810,220000,291.6,294.9,291.067,294.357,7714446,0
TSLA.US,60,20220811,160000,296.513,298.237,292.03,292.733,7838379,0
TSLA.US,60,20220811,170000,292.777,295.433,290.747,292.248,9793560,0
TSLA.US,60,20220811,180000,292.308,292.748,288.073,289.585,6742860,0
TSLA.US,60,20220811,190000,289.607,291.98,288.83,290.835,3795285,0
TSLA.US,60,20220811,200000,290.722,291.647,289.404,290.017,3120045,0
TSLA.US,60,20220811,210000,290.067,290.08,286.097,287.057,4818084,0
TSLA.US,60,20220811,220000,287.055,287.383,285.833,286.813,4469565,0
TSLA.US,60,20220812,160000,289.415,289.523,285.183,287.177,6274068,0
TSLA.US,60,20220812,170000,287.05,292.72,285.033,292.572,10188441,0
TSLA.US,60,20220812,180000,292.61,295.163,292.05,293.147,7692450,0
TSLA.US,60,20220812,190000,293.212,296.097,293.1,294.833,4594944,0
TSLA.US,60,20220812,200000,294.85,296,294.127,295.546,2463198,0
TSLA.US,60,20220812,210000,295.567,299.516,295.517,298.997,6406425,0
TSLA.US,60,20220812,220000,298.977,300.16,298.36,300.03,9463518,0
TSLA.US,60,20220815,160000,301.787,306.933,301.23,305.066,10131681,0
TSLA.US,60,20220815,170000,305.093,306.57,303.223,304.468,7945314,0
TSLA.US,60,20220815,180000,304.537,309.313,303.857,308.743,7918344,0
TSLA.US,60,20220815,190000,308.8,312.663,308.35,311.69,7762914,0
TSLA.US,60,20220815,200000,311.7,313.133,308.85,311.3,6812490,0
TSLA.US,60,20220815,210000,311.267,311.743,309.453,310.792,5319897,0
TSLA.US,60,20220815,220000,310.795,312.1,308.96,309.32,7374588,0
TSLA.US,60,20220816,160000,311.667,314.667,309.344,310.677,10771263,0
TSLA.US,60,20220816,170000,310.677,311.037,302.883,305.377,12728286,0
TSLA.US,60,20220816,180000,305.36,309.967,305.287,309.237,7797915,0
TSLA.US,60,20220816,190000,309.287,310.756,306.693,307.493,5458290,0
TSLA.US,60,20220816,200000,307.539,309.43,307.4,308.163,3618534,0
TSLA.US,60,20220816,210000,308.243,311.483,305.223,306.457,7307466,0
TSLA.US,60,20220816,220000,306.446,307.453,305.003,306.563,6372414,0
TSLA.US,60,20220817,160000,303.397,305.782,301.423,304.207,6852477,0
TSLA.US,60,20220817,170000,304.14,304.487,300.033,300.797,7066668,0
TSLA.US,60,20220817,180000,300.742,304,300.742,302.073,4610346,0
TSLA.US,60,20220817,190000,302.02,305.333,301.697,304.21,3823704,0
TSLA.US,60,20220817,200000,304.345,306.363,303.52,305.55,3738963,0
TSLA.US,60,20220817,210000,305.4,309.657,304.771,307.521,7905249,0
TSLA.US,60,20220817,220000,307.517,308.583,303.25,303.997,7594488,0
TSLA.US,60,20220818,160000,306,306.133,302.703,303.333,5158449,0
TSLA.US,60,20220818,170000,303.177,306.04,301.853,305.39,5994483,0
TSLA.US,60,20220818,180000,305.393,306.5,304.417,305.317,4356762,0
TSLA.US,60,20220818,190000,305.38,305.8,302.857,303.427,3046599,0
TSLA.US,60,20220818,200000,303.427,304.967,303.407,304.002,2443296,0
TSLA.US,60,20220818,210000,304.036,304.56,302.433,303.673,2448018,0
TSLA.US,60,20220818,220000,303.657,304.107,302.34,302.87,3897465,0
TSLA.US,60,20220819,160000,299,300.36,295.19,295.55,6754371,0
TSLA.US,60,20220819,170000,295.483,296.247,293.717,294.283,7679910,0
TSLA.US,60,20220819,180000,294.327,295.65,292.5,294.5,5163507,0
TSLA.US,60,20220819,190000,294.483,296.2,293.437,295.633,3582939,0
TSLA.US,60,20220819,200000,295.621,296.053,293.783,295.298,2362380,0
TSLA.US,60,20220819,210000,295.278,297.227,294.967,296.117,3451008,0
TSLA.US,60,20220819,220000,296.073,297.367,295.674,296.667,6510354,0
TSLA.US,60,20220822,160000,291.913,292.4,287,287.137,6870585,0
TSLA.US,60,20220822,170000,287.12,289.901,286.297,287.706,6587094,0
TSLA.US,60,20220822,180000,287.623,289.64,287.303,289.317,4267875,0
TSLA.US,60,20220822,190000,289.267,290.663,288.853,290.432,3404184,0
TSLA.US,60,20220822,200000,290.37,290.6,288.153,288.607,2842272,0
TSLA.US,60,20220822,210000,288.59,290.333,288.492,289.218,2806557,0
TSLA.US,60,20220822,220000,289.273,290.13,289.057,289.913,5050725,0
TSLA.US,60,20220823,160000,291.453,292.81,287.923,291.407,6461838,0
TSLA.US,60,20220823,170000,291.363,296.887,289.94,294.368,9340851,0
TSLA.US,60,20220823,180000,294.339,296.05,293.182,294.56,5285730,0
TSLA.US,60,20220823,190000,294.63,295.797,293.5,295.687,3435762,0
TSLA.US,60,20220823,200000,295.697,298.217,295.085,297.468,4730733,0
TSLA.US,60,20220823,210000,297.467,298.827,296.74,297.872,3839277,0
TSLA.US,60,20220823,220000,297.85,298.533,295.397,296.453,5120961,0
TSLA.US,60,20220824,160000,297.563,303.13,297.017,302.908,7727580,0
TSLA.US,60,20220824,170000,302.99,303.647,300.353,301.167,6879621,0
TSLA.US,60,20220824,180000,301.225,302.597,300.707,301.367,3230439,0
TSLA.US,60,20220824,190000,301.367,302.52,299.04,299.667,3492192,0
TSLA.US,60,20220824,200000,299.662,300.553,298.447,299.244,2801421,0
TSLA.US,60,20220824,210000,299.24,300.103,296.5,298.003,3649953,0
TSLA.US,60,20220824,220000,297.937,298.453,296.667,297.097,4747215,0
TSLA.US,60,20220825,160000,302.36,302.96,293.1401,296.71,8482596,0
TSLA.US,60,20220825,170000,296.7,298.2193,294.02,294.135,7457148,0
TSLA.US,60,20220825,180000,294.2,294.98,291.6,294.2827,5630770,0
TSLA.US,60,20220825,190000,294.2544,294.6,292.86,293.5,2392237,0
TSLA.US,60,20220825,200000,293.465,295.693,292.8,293.8301,3440825,0
TSLA.US,60,20220825,210000,293.9001,294.42,291.8,292.51,2800617,0
TSLA.US,60,20220825,220000,292.5,296.15,292.08,296.07,5522595,0
TSLA.US,60,20220826,160000,297.43,298.9,295.83,298.1,4623952,0
TSLA.US,60,20220826,170000,298.0975,302,291.72,291.985,9703139,0
TSLA.US,60,20220826,180000,291.96,292.48,289.62,291.42,5628001,0
TSLA.US,60,20220826,190000,291.45,291.64,288.44,290.155,3754541,0
TSLA.US,60,20220826,200000,290.1,291.46,289.11,289.2,3006468,0
TSLA.US,60,20220826,210000,289.18,289.7999,288,289.2417,3089495,0
TSLA.US,60,20220826,220000,289.24,290.36,287.47,288.09,5529240,0
TSLA.US,60,20220829,160000,282.83,287.74,281.95,282.1,5799026,0
TSLA.US,60,20220829,170000,282.11,286.99,281.69,282.44,5578623,0
TSLA.US,60,20220829,180000,282.33,283.72,280.7,282.6474,3961724,0
TSLA.US,60,20220829,190000,282.5811,285.99,282.26,285.5572,3282748,0
TSLA.US,60,20220829,200000,285.505,287.58,285.05,286.63,2784912,0
TSLA.US,60,20220829,210000,286.6159,286.69,284.38,285.205,2258996,0
TSLA.US,60,20220829,220000,285.15,287.59,284.55,284.82,4979207,0
TSLA.US,60,20220830,160000,287.865,288.48,283.11,283.95,4364843,0
TSLA.US,60,20220830,170000,283.9492,285.4699,280.11,281.79,6384794,0
TSLA.US,60,20220830,180000,281.805,282.97,280.5,281.1965,3531294,0
TSLA.US,60,20220830,190000,281.15,282,275.34,275.58,4901735,0
TSLA.US,60,20220830,200000,275.61,276.476,272.65,275.475,5367208,0
TSLA.US,60,20220830,210000,275.419,276.53,273.4,274.3641,3393617,0
TSLA.US,60,20220830,220000,274.39,278.29,274.19,277.7,6308130,0
TSLA.US,60,20220831,160000,280.62,281.25,275.19,278.87,5526907,0
TSLA.US,60,20220831,170000,278.86,279.21,273.76,273.9676,5951098,0
TSLA.US,60,20220831,180000,273.9601,276.3,271.81,275.8,5042163,0
TSLA.US,60,20220831,190000,275.86,276.9898,274.74,275.55,2959415,0
TSLA.US,60,20220831,200000,275.5,277.5681,274.8,275.98,3105802,0
TSLA.US,60,20220831,210000,275.97,278.42,274.66,275.2402,3631053,0
TSLA.US,60,20220831,220000,275.2,278.82,274.8,275.45,4602928,0
TSLA.US,60,20220901,160000,272.575,275.84,270.8061,273.62,5229437,0
TSLA.US,60,20220901,170000,273.57,274.27,267.6,267.6708,7160252,0
TSLA.US,60,20220901,180000,267.68,269.5336,266.15,266.7945,6147283,0
TSLA.US,60,20220901,190000,266.7919,268.89,266.73,268.04,3571187,0
TSLA.US,60,20220901,200000,268.04,270.5,267.96,269.515,3517118,0
TSLA.US,60,20220901,210000,269.52,275,269.08,273.67,4960020,0
TSLA.US,60,20220901,220000,273.682,277.58,272.96,277.16,6806078,0
TSLA.US,60,20220902,160000,281.065,282.35,275.3,275.56,5021145,0
TSLA.US,60,20220902,170000,275.44,280.35,274.28,276.4352,6836795,0
TSLA.US,60,20220902,180000,276.43,278.2,275.37,277.61,4068769,0
TSLA.US,60,20220902,190000,277.6401,278.07,271.34,272.5,4472361,0
TSLA.US,60,20220902,200000,272.42,273.33,270.06,270.63,4524485,0
TSLA.US,60,20220902,210000,270.66,271.74,269.4901,270.1,3146583,0
TSLA.US,60,20220902,220000,270.04,271.42,269.08,270.21,6218856,0
TSLA.US,60,20220906,160000,272.675,273.1828,268.5,269.1301,5867063,0
TSLA.US,60,20220906,170000,269.3299,271.52,265.74,270.49,7243547,0
TSLA.US,60,20220906,180000,270.5,275.31,269.3486,274.9001,6060393,0
TSLA.US,60,20220906,190000,274.95,275.99,272.3976,273.65,4399502,0
TSLA.US,60,20220906,200000,273.72,273.7725,271.34,272.65,3325040,0
TSLA.US,60,20220906,210000,272.66,275.44,272.4501,274.15,3819543,0
TSLA.US,60,20220906,220000,274.18,275.95,272.93,274.48,5597662,0
TSLA.US,60,20220907,160000,273.1,280.6644,272.27,278.75,6344257,0
TSLA.US,60,20220907,170000,278.74,280,276.8,278.365,6092075,0
TSLA.US,60,20220907,180000,278.39,280.98,277.6316,279.88,4391691,0
TSLA.US,60,20220907,190000,279.94,280.45,276.9,278.96,3207712,0
TSLA.US,60,20220907,200000,278.9494,280.15,278.72,279.66,2737152,0
TSLA.US,60,20220907,210000,279.62,282.94,279.44,282.5575,4183075,0
TSLA.US,60,20220907,220000,282.58,283.84,282.27,283.7,7084944,0
TSLA.US,60,20220908,160000,281.3,287.07,279.76,285.2901,6007595,0
TSLA.US,60,20220908,170000,285.33,287.79,283.8,287.745,6971607,0
TSLA.US,60,20220908,180000,287.73,288.6,286.32,286.91,4451483,0
TSLA.US,60,20220908,190000,286.94,287.1455,282.52,285.45,6142569,0
TSLA.US,60,20220908,200000,285.45,287.35,284.3138,286.64,4228734,0
TSLA.US,60,20220908,210000,286.65,288.07,286.15,287.7399,3781846,0
TSLA.US,60,20220908,220000,287.7,289.5,286.73,289.28,5063868,0
TSLA.US,60,20220909,160000,291.67,296.57,291.245,296.35,7972377,0
TSLA.US,60,20220909,170000,296.365,298.25,295.06,297.9615,8581890,0
TSLA.US,60,20220909,180000,297.97,298.87,297.31,298.15,4387140,0
TSLA.US,60,20220909,190000,298.18,298.43,296.66,298.34,3537720,0
TSLA.US,60,20220909,200000,298.4,299.49,297.84,299.13,3657436,0
TSLA.US,60,20220909,210000,299.129,299.49,298.28,298.905,3041555,0
TSLA.US,60,20220909,220000,298.88,299.85,298.62,299.68,6998621,0
TSLA.US,60,20220912,160000,300.72,305.29,300.4,304.535,7315661,0
TSLA.US,60,20220912,170000,304.55,305.49,302.9,303.45,7304611,0
TSLA.US,60,20220912,180000,303.46,303.89,301.63,302.12,4135375,0
TSLA.US,60,20220912,190000,302.12,304.072,301.12,304,3604985,0
TSLA.US,60,20220912,200000,304.0284,304.62,303.4,303.83,2789285,0
TSLA.US,60,20220912,210000,303.84,303.95,302.15,303.68,2861873,0
TSLA.US,60,20220912,220000,303.68,304.69,303.31,304.42,5264443,0
TSLA.US,60,20220913,160000,292.8,297.3999,292.0673,295.5999,7877743,0
TSLA.US,60,20220913,170000,295.41,296.95,293.01,293.68,7132666,0
TSLA.US,60,20220913,180000,293.51,293.99,290.4,291.0251,5661455,0
TSLA.US,60,20220913,190000,290.915,293.28,290.68,292.2883,3769166,0
TSLA.US,60,20220913,200000,292.26,295.5,291.76,294.87,5264275,0
TSLA.US,60,20220913,210000,294.82,295.98,293,294.2,5114051,0
TSLA.US,60,20220913,220000,294.12,294.99,291.41,292.14,8294620,0
TSLA.US,60,20220914,160000,292.13,299.16,291.64,299.15,8100523,0
TSLA.US,60,20220914,170000,299.15,303.6,296.5,302.6601,12659239,0
TSLA.US,60,20220914,180000,302.66,306,301.7,303.71,7378037,0
TSLA.US,60,20220914,190000,303.75,305.78,303.23,303.81,5007318,0
TSLA.US,60,20220914,200000,303.83,304.33,299.71,300.33,4563464,0
TSLA.US,60,20220914,210000,300.3,302.0452,298.78,300.3461,4286932,0
TSLA.US,60,20220914,220000,300.345,303,298.7155,302.71,7081407,0
TSLA.US,60,20220915,160000,301.825,306.63,300.7247,306.0415,7893549,0
TSLA.US,60,20220915,170000,306.05,309.12,301.08,301.6884,10390541,0
TSLA.US,60,20220915,180000,301.67,306.15,301.4,304.3613,6407832,0
TSLA.US,60,20220915,190000,304.33,305.99,302.9,305.5395,4703431,0
TSLA.US,60,20220915,200000,305.57,307.92,305.55,307.03,4644288,0
TSLA.US,60,20220915,210000,307.0656,307.11,305.1,305.7892,3338576,0
TSLA.US,60,20220915,220000,305.825,307,302.2504,303.75,7939192,0
TSLA.US,60,20220916,160000,299.605,300.6,296.17,296.97,8755296,0
TSLA.US,60,20220916,170000,297,298.98,295.6005,296.78,9206493,0
TSLA.US,60,20220916,180000,296.83,299.72,296.58,299.3789,5084364,0
TSLA.US,60,20220916,190000,299.3401,300.8899,298.0711,300.16,4182632,0
TSLA.US,60,20220916,200000,300.14,300.36,298.45,299.6499,3204087,0
TSLA.US,60,20220916,210000,299.6599,302,299.48,301.87,4259427,0
TSLA.US,60,20220916,220000,301.86,303.71,300.68,303.35,29937646,0
TSLA.US,60,20220919,160000,300.09,305.6,297.8,305.12,7178299,0
TSLA.US,60,20220919,170000,305.115,308.59,303.1501,307.7287,9311769,0
TSLA.US,60,20220919,180000,307.715,309.84,306.43,306.55,7142796,0
TSLA.US,60,20220919,190000,306.49,307.82,305.44,307.428,4153508,0
TSLA.US,60,20220919,200000,307.43,307.5987,304.92,306.48,3627543,0
TSLA.US,60,20220919,210000,306.51,307.05,305.19,306.775,3068982,0
TSLA.US,60,20220919,220000,306.77,309.2,306.7001,309.07,7849193,0
TSLA.US,60,20220920,160000,306.91,309.3591,305.58,307.68,6484475,0
TSLA.US,60,20220920,170000,307.67,311.84,306.12,311.24,8937412,0
TSLA.US,60,20220920,180000,311.205,313.33,310.77,313.1282,6759639,0
TSLA.US,60,20220920,190000,313.08,313.18,310.9101,311.94,4045245,0
TSLA.US,60,20220920,200000,311.91,312.0443,305.85,306.59,6028633,0
TSLA.US,60,20220920,210000,306.58,309.59,306.3,309.18,5291689,0
TSLA.US,60,20220920,220000,309.2,310.32,308.05,308.73,7056013,0
TSLA.US,60,20220921,160000,308.29,310.48,307.32,307.83,5663946,0
TSLA.US,60,20220921,170000,307.8,308.68,306.26,306.81,4962765,0
TSLA.US,60,20220921,180000,306.77,309.0799,306.53,308.5384,3654258,0
TSLA.US,60,20220921,190000,308.55,309.98,307.5516,308.6363,3200641,0
TSLA.US,60,20220921,200000,308.61,309.9,307.89,309.495,2875262,0
TSLA.US,60,20220921,210000,309.5,313.8,303.23,312.65,12669162,0
TSLA.US,60,20220921,220000,312.6022,313.22,300.63,300.8,11103282,0
TSLA.US,60,20220922,160000,299.86,301.29,294.4112,295.77,7158046,0
TSLA.US,60,20220922,170000,295.77,296.56,288.56,288.96,9942637,0
TSLA.US,60,20220922,180000,288.93,292.89,287.72,291.48,8067031,0
TSLA.US,60,20220922,190000,291.465,292.6,290.19,291.3,4633903,0
TSLA.US,60,20220922,200000,291.29,291.54,289.1,289.81,3956089,0
TSLA.US,60,20220922,210000,289.8,290.3,285.82,288.5,6214723,0
TSLA.US,60,20220922,220000,288.5,291.53,287.9225,288.59,8035556,0
TSLA.US,60,20220923,160000,283.09,284.5,274.77,275.3909,9420333,0
TSLA.US,60,20220923,170000,275.4,278.44,275.2,276.245,7449734,0
TSLA.US,60,20220923,180000,276.25,279.3399,275.57,277.72,4905582,0
TSLA.US,60,20220923,190000,277.68,278.13,274.61,276.163,4263567,0
TSLA.US,60,20220923,200000,276.2,277.05,274.8,275.845,3666277,0
TSLA.US,60,20220923,210000,275.8547,276.35,272.82,273.04,4338184,0
TSLA.US,60,20220923,220000,273.04,276.05,272.9,275.33,8162381,0
TSLA.US,60,20220926,160000,271.83,280.8,270.31,280.68,8259500,0
TSLA.US,60,20220926,170000,280.68,284.09,279.44,280.4441,8737164,0
TSLA.US,60,20220926,180000,280.49,281.04,277.1101,279.1777,4642754,0
TSLA.US,60,20220926,190000,279.22,279.27,275.75,278.2287,3371712,0
TSLA.US,60,20220926,200000,278.2824,278.44,276.02,276.9705,2937372,0
TSLA.US,60,20220926,210000,276.97,280.3999,276.697,279.705,3889046,0
TSLA.US,60,20220926,220000,279.6601,280.52,275.77,276.01,6405375,0
TSLA.US,60,20220927,160000,283.84,288.29,283.27,287.3703,7545746,0
TSLA.US,60,20220927,170000,287.47,288.67,284.6,288.25,7881927,0
TSLA.US,60,20220927,180000,288.3,288.66,282.15,282.1856,5905770,0
TSLA.US,60,20220927,190000,282.2,282.2,278.24,280.41,6124741,0
TSLA.US,60,20220927,200000,280.405,280.44,277.51,278.9,3433654,0
TSLA.US,60,20220927,210000,278.88,282,278.15,281.66,4645330,0
TSLA.US,60,20220927,220000,281.6717,283.76,280.4,282.94,7690626,0
TSLA.US,60,20220928,160000,283.08,283.14,277.57,280.24,5846698,0
TSLA.US,60,20220928,170000,280.35,283.6,278.5,281.19,6930374,0
TSLA.US,60,20220928,180000,281.24,285.555,280.8,284.4501,5229640,0
TSLA.US,60,20220928,190000,284.45,284.51,282.12,282.82,3172005,0
TSLA.US,60,20220928,200000,282.89,284.6,282.33,283.03,2639713,0
TSLA.US,60,20220928,210000,283,285.4563,282.73,285.0539,3432143,0
TSLA.US,60,20220928,220000,285.079,289,284.94,287.81,9582127,0
TSLA.US,60,20220929,160000,282.76,283.65,275.3,275.9089,6970415,0
TSLA.US,60,20220929,170000,275.93,276.425,269.0208,273.08,12012063,0
TSLA.US,60,20220929,180000,273.0927,274.48,271.63,272.96,6440086,0
TSLA.US,60,20220929,190000,272.98,273.0922,268.9101,269.3,5825938,0
TSLA.US,60,20220929,200000,269.32,269.35,266.5703,266.8645,6434913,0
TSLA.US,60,20220929,210000,266.89,268.33,266.01,266.03,5871248,0
TSLA.US,60,20220929,220000,266.0225,269.4,265.78,268.21,10157420,0
TSLA.US,60,20220930,160000,266.145,271.4293,262.47,268.93,8959929,0
TSLA.US,60,20220930,170000,268.96,273.725,267.62,272.5264,8441377,0
TSLA.US,60,20220930,180000,272.57,275.57,270.19,270.7,6881344,0
TSLA.US,60,20220930,190000,270.69,272.467,269.13,271.23,4473810,0
TSLA.US,60,20220930,200000,271.17,271.57,266.92,267.48,4171574,0
TSLA.US,60,20220930,210000,267.46,268.9447,266,266.53,3635874,0
TSLA.US,60,20220930,220000,266.56,269.15,265,265.25,9746263,0
